4814,3250,8064
9356,3638,12994
1149,5450,6599
6973,1945,8918
2467,2492,4959
7542,689,8231
4414,402,4816
5414,6071,11485
4207,2297,6504
6199,6827,13026
4513,6443,10956
4729,6719,11448
8919,9422,18341
5789,7020,12809
1363,5635,6998
2988,768,3756
9182,3631,12813
393,5702,6095
4081,9058,13139
2920,2935,5855
5445,3259,8704
2390,2003,4393
4891,3110,8001
6587,3472,10059
1429,4611,6040
1618,1238,2856
2148,586,2734
2889,4956,7845
4872,5156,10028
2491,63,2554
6046,9384,15430
2903,1202,4105
1214,6688,7902
7032,9877,16909
5936,143,6079
3094,3470,6564
6963,5583,12546
5411,1341,6752
9382,8536,17918
814,8357,9171
250,3472,3722
9919,6915,16834
1905,1512,3417
3378,8396,11774
1873,4263,6136
2867,7601,10468
7382,5980,13362
2934,3355,6289
8079,5168,13247
5149,4318,9467
6321,1040,7361
8663,2197,10860
8112,1884,9996
1676,50,1726
5628,4961,10589
50,7821,7871
4087,6957,11044
4274,4320,8594
8646,5804,14450
8613,9949,18562
9631,6379,16010
4493,5305,9798
1367,8988,10355
9790,7834,17624
4790,872,5662
6893,6284,13177
8065,1643,9708
5033,1689,6722
1117,5066,6183
3268,8356,11624
9053,9545,18598
6089,7360,13449
4984,8552,13536
5642,5593,11235
8041,7906,15947
6742,3024,9766
4918,7666,12584
1094,8694,9788
9346,5909,15255
9428,7677,17105
2852,6017,8869
7868,1058,8926
8371,3880,12251
5661,1665,7326
7367,3352,10719
2167,8952,11119
1008,5352,6360
1362,2188,3550
3190,6894,10084
6664,2073,8737
648,5580,6228
2428,4304,6732
488,3054,3542
5611,9731,15342
8811,5807,14618
6755,2944,9699
8403,3443,11846
9205,2312,11517
8619,7730,16349
289,9671,9960
1622,9503,11125
3027,2186,5213
2592,3958,6550
1316,1738,3054
7121,9241,16362
655,8132,8787
8357,8845,17202
5112,8005,13117
482,8149,8631
3587,6089,9676
4689,7552,12241
3951,9999,13950
4030,4105,8135
698,569,1267
4062,4053,8115
3819,3652,7471
6283,9060,15343
5322,1119,6441
6122,6548,12670
2037,4584,6621
6363,9540,15903
1993,3993,5986
7195,8190,15385
878,5551,6429
7649,4483,12132
570,6887,7457
9646,1971,11617
5514,6167,11681
3441,7,3448
6966,2041,9007
1720,1321,3041
7769,1357,9126
7625,3421,11046
9958,1232,11190
1423,3145,4568
6140,16,6156
9902,8331,18233
1227,611,1838
1912,1314,3226
5394,4435,9829
2744,9647,12391
4738,1144,5882
3937,1398,5335
6727,654,7381
4913,602,5515
2972,7074,10046
7760,8792,16552
3392,58,3450
9981,231,10212
5217,223,5440
6187,7946,14133
224,1593,1817
2292,354,2646
2951,9499,12450
7156,6036,13192
2355,3700,6055
7720,1309,9029
941,2053,2994
1023,570,1593
8501,857,9358
7865,3450,11315
2399,3935,6334
789,1154,1943
6939,779,7718
3895,461,4356
7648,2983,10631
8426,6431,14857
9123,2047,11170
6602,9117,15719
3014,205,3219
1362,880,2242
2654,8112,10766
8887,3670,12557
5717,2850,8567
4079,6113,10192
7466,611,8077
2081,5045,7126
7724,4449,12173
8759,9988,18747
3219,7098,10317
1507,6302,7809
2910,4068,6978
1639,5216,6855
9329,7523,16852
2825,5490,8315
9226,2241,11467
3878,4449,8327
355,3583,3938
3723,4330,8053
192,3483,3675
6813,5978,12791
3569,2677,6246
5455,6369,11824
552,5236,5788
5319,5237,10556
8902,5090,13992
9966,9982,19948
9918,8453,18371
3270,2641,5911
1102,384,1486
8760,6312,15072
691,6606,7297
2836,8529,11365
9011,8382,17393
7146,465,7611
3071,932,4003
3556,3442,6998
3004,6594,9598
9689,1189,10878
9184,931,10115
886,8649,9535
9799,7202,17001
8767,1114,9881
3343,1011,4354
9657,2399,12056
7743,5355,13098
8031,9076,17107
6977,7608,14585
6551,121,6672
8673,8183,16856
586,911,1497
9253,9191,18444
1282,1730,3012
4274,7534,11808
9427,8779,18206
789,9961,10750
5373,4376,9749
1001,7064,8065
2528,7012,9540
4069,6828,10897
1207,8135,9342
1992,4380,6372
1927,5936,7863
2622,2761,5383
79,5599,5678
5599,5174,10773
7745,419,8164
5595,9425,15020
8228,2953,11181
8577,7078,15655
876,5189,6065
5327,4531,9858
1134,4002,5136
9454,4279,13733
438,8165,8603
803,4509,5312
3983,7517,11500
2484,9785,12269
129,728,857
3888,6553,10441
1032,1862,2894
1917,5150,7067
3620,4709,8329
3395,741,4136
2367,1451,3818
9669,4807,14476
8937,6586,15523
591,6027,6618
5364,411,5775
8627,8422,17049
5936,1388,7324
9595,7119,16714
1803,4902,6705
9740,5969,15709
5570,2033,7603
5791,2009,7800
7684,5846,13530
8096,9846,17942
5826,2851,8677
7383,3226,10609
1971,4292,6263
8225,8554,16779
9101,5085,14186
5918,8603,14521
843,3465,4308
865,604,1469
4218,7737,11955
7980,2310,10290
151,1677,1828
3972,7848,11820
198,2903,3101
2235,7268,9503
4715,2484,7199
3391,9156,12547
8725,7882,16607
6721,1830,8551
2141,5450,7591
4493,7741,12234
3500,7040,10540
6116,9973,16089
4206,3974,8180
4618,520,5138
3077,9491,12568
4951,2765,7716
8874,2713,11587
4616,7379,11995
5451,3140,8591
7276,2751,10027
8244,9383,17627
295,2512,2807
9285,4140,13425
1991,2084,4075
8681,2393,11074
3286,3292,6578
2658,5739,8397
4593,938,5531
419,3530,3949
5375,1888,7263
4487,9849,14336
8394,7884,16278
7645,6244,13889
7352,3792,11144
869,780,1649
5162,7839,13001
9439,7209,16648
3196,1543,4739
8674,6877,15551
716,6227,6943
3896,2166,6062
4798,9383,14181
2398,7587,9985
4475,3578,8053
8121,1837,9958
3006,4453,7459
4684,537,5221
3228,1174,4402
9799,3448,13247
5478,7028,12506
4578,2830,7408
7441,903,8344
4314,3813,8127
4526,7536,12062
8523,4985,13508
5696,8277,13973
3646,2872,6518
1779,7898,9677
4050,1083,5133
3349,7112,10461
5669,5189,10858
23,6020,6043
1960,2715,4675
5101,6735,11836
5405,6991,12396
9681,7587,17268
9682,5310,14992
316,5883,6199
5368,3905,9273
3051,7616,10667
591,776,1367
9505,1442,10947
4746,2120,6866
7014,5317,12331
26,7410,7436
3890,5476,9366
3060,758,3818
5883,2633,8516
340,8677,9017
2838,8139,10977
7275,9454,16729
3410,2574,5984
4927,2604,7531
3378,9373,12751
5938,4685,10623
5636,1778,7414
9207,8074,17281
1565,5072,6637
1994,6846,8840
978,1009,1987
534,3449,3983
6234,9160,15394
2009,1549,3558
8067,852,8919
9597,658,10255
9275,89,9364
3621,8478,12099
3753,1936,5689
158,7073,7231
5497,2692,8189
7204,4333,11537
1439,1928,3367
789,7497,8286
6426,3793,10219
2857,2010,4867
1865,981,2846
3472,5006,8478
2009,7222,9231
9685,3709,13394
9154,7942,17096
5651,2151,7802
6059,8921,14980
5711,4925,10636
9215,9196,18411
5345,3233,8578
9540,9310,18850
3588,6421,10009
4175,427,4602
6703,8659,15362
1856,3451,5307
8970,3288,12258
2481,5149,7630
5114,9457,14571
2908,991,3899
5239,1510,6749
5108,9705,14813
53,2069,2122
5410,2499,7909
8774,4826,13600
9494,5619,15113
6159,6894,13053
9382,3498,12880
4339,1240,5579
3169,8692,11861
2494,9160,11654
1643,7031,8674
3969,2303,6272
798,7557,8355
3433,8596,12029
4365,5206,9571
3276,805,4081
2491,7809,10300
6970,5560,12530
6396,4489,10885
3858,5879,9737
7167,5132,12299
7840,7493,15333
7532,1959,9491
2532,693,3225
3133,982,4115
774,1780,2554
6524,4424,10948
9304,292,9596
6050,4930,10980
2695,3710,6405
897,2367,3264
5367,376,5743
4649,6393,11042
4655,8056,12711
6039,4709,10748
8189,4855,13044
7975,1412,9387
7503,7478,14981
2035,7052,9087
114,794,908
3303,562,3865
9753,2561,12314
8609,2857,11466
2081,3370,5451
5036,2381,7417
1537,1130,2667
4293,7503,11796
612,9003,9615
4383,4909,9292
54,3505,3559
2982,2224,5206
8489,3447,11936
7384,3625,11009
3965,3039,7004
6841,2912,9753
8493,6870,15363
5315,3804,9119
5654,5002,10656
2903,9080,11983
4948,4070,9018
4069,5302,9371
9036,4634,13670
9880,8440,18320
7545,3496,11041
8265,3118,11383
220,6813,7033
1299,5568,6867
8976,2935,11911
421,3370,3791
4209,6419,10628
5871,1379,7250
8371,843,9214
4953,4543,9496
4317,3800,8117
574,497,1071
8151,5768,13919
4144,3402,7546
3562,5218,8780
8813,8694,17507
7744,5290,13034
5231,1221,6452
6126,1246,7372
8125,4890,13015
7321,3623,10944
9045,680,9725
3523,4186,7709
2772,1676,4448
3338,5270,8608
5598,8322,13920
5110,5667,10777
797,4409,5206
2868,6590,9458
97,8024,8121
5032,8876,13908
7444,2432,9876
3177,8424,11601
3730,8254,11984
8769,1901,10670
3220,2242,5462
6286,1742,8028
5004,9046,14050
8014,3595,11609
2504,6119,8623
4015,5661,9676
3219,8197,11416
382,9570,9952
3213,2756,5969
4379,177,4556
9451,8785,18236
4690,7243,11933
7320,9878,17198
5597,891,6488
1248,2983,4231
1029,2997,4026
6924,9007,15931
5189,2313,7502
382,9843,10225
1853,5452,7305
9158,8693,17851
907,9723,10630
961,6081,7042
4154,6179,10333
4389,4108,8497
751,4235,4986
8330,9163,17493
4919,5340,10259
4738,9812,14550
215,4944,5159
3570,588,4158
9728,245,9973
4662,4733,9395
8543,5695,14238
5552,4064,9616
7682,3440,11122
3972,3907,7879
1858,7678,9536
1599,8052,9651
3308,9590,12898
7936,271,8207
4943,2658,7601
6409,5449,11858
2454,877,3331
8716,9327,18043
1797,5755,7552
9901,4739,14640
8495,3356,11851
9141,1176,10317
149,1063,1212
9759,6242,16001
9619,6351,15970
726,8049,8775
9024,128,9152
9181,7140,16321
4935,428,5363
7364,7201,14565
2940,1852,4792
7902,952,8854
710,523,1233
6250,3437,9687
5632,3313,8945
7394,7975,15369
9760,7749,17509
9236,6056,15292
7471,4807,12278
4267,7437,11704
4683,8403,13086
4153,7156,11309
7273,7007,14280
348,9870,10218
1758,8806,10564
9549,5581,15130
6687,1905,8592
3696,8444,12140
5182,4759,9941
3170,5701,8871
9391,2748,12139
2696,9326,12022
981,8491,9472
5512,5143,10655
1704,8979,10683
6927,8708,15635
4728,3784,8512
9751,191,9942
3417,3002,6419
8695,4644,13339
9912,9773,19685
5795,5941,11736
2733,6670,9403
5390,2115,7505
3627,3183,6810
5567,749,6316
8205,8891,17096
5938,3399,9337
7786,4576,12362
5541,7611,13152
655,4865,5520
854,1987,2841
3993,7083,11076
6730,8687,15417
6261,4696,10957
3270,2494,5764
230,914,1144
2141,4529,6670
1217,9303,10520
4528,5558,10086
8394,9632,18026
4535,9189,13724
8323,7113,15436
7787,9258,17045
4108,9404,13512
199,4185,4384
1165,9345,10510
3167,5420,8587
5879,2009,7888
5825,9211,15036
4477,3993,8470
6365,8895,15260
7622,2112,9734
8857,654,9511
9748,5660,15408
1385,8163,9548
6088,9296,15384
7770,5739,13509
7386,7743,15129
1656,5037,6693
7286,9660,16946
5853,2957,8810
6023,332,6355
4746,1335,6081
4974,7693,12667
4252,5218,9470
3114,2052,5166
8379,7832,16211
5067,177,5244
5501,125,5626
7514,6317,13831
8588,1060,9648
5155,2193,7348
8758,4010,12768
9150,8765,17915
9561,5997,15558
7292,5647,12939
9221,2414,11635
3840,2940,6780
1327,1399,2726
7121,3776,10897
4858,8850,13708
1558,8008,9566
3004,9874,12878
847,669,1516
4152,4950,9102
1721,6610,8331
856,3970,4826
3472,1864,5336
5443,8445,13888
3779,5376,9155
5233,2396,7629
3803,1910,5713
3933,3788,7721
6139,540,6679
1000,1530,2530
3778,3319,7097
2989,2893,5882
8679,8768,17447
9968,2347,12315
1617,6317,7934
16,1150,1166
5855,6663,12518
350,5224,5574
4839,5334,10173
1932,7564,9496
1707,9495,11202
4397,5510,9907
2822,4872,7694
200,7276,7476
5296,2310,7606
3625,8581,12206
4778,3011,7789
7828,3666,11494
995,9856,10851
5441,4862,10303
6649,9267,15916
4288,7815,12103
7526,8863,16389
6057,506,6563
7423,2575,9998
1583,1164,2747
3079,107,3186
5122,4266,9388
7919,9502,17421
8164,9741,17905
6327,7882,14209
4828,2929,7757
1199,9354,10553
719,7639,8358
7725,4802,12527
3582,3469,7051
6237,9020,15257
1348,9135,10483
7012,1334,8346
6894,4022,10916
2810,5239,8049
4844,3361,8205
8460,1319,9779
1881,7287,9168
7288,7913,15201
1445,3560,5005
1924,5873,7797
9200,2682,11882
9857,1584,11441
6018,3285,9303
8542,2442,10984
4623,2955,7578
6862,1908,8770
3038,8441,11479
6783,7674,14457
4043,8048,12091
2649,9830,12479
7859,7754,15613
1949,274,2223
5571,2286,7857
332,7914,8246
558,3476,4034
6009,8300,14309
9486,1247,10733
3372,768,4140
4651,1830,6481
1519,6106,7625
9806,9578,19384
6221,426,6647
1345,2464,3809
9666,396,10062
9781,8189,17970
7399,5091,12490
4809,2940,7749
615,5772,6387
9568,1544,11112
886,6854,7740
9740,9664,19404
6340,8475,14815
9558,2922,12480
675,1373,2048
1222,424,1646
2751,4403,7154
6486,1818,8304
231,8228,8459
6784,306,7090
1570,142,1712
7726,2247,9973
2585,5878,8463
9260,2447,11707
2521,4535,7056
6097,8779,14876
2039,7990,10029
3694,5546,9240
4499,4511,9010
3036,2537,5573
9150,7062,16212
5321,3342,8663
8940,770,9710
1614,2149,3763
6902,2209,9111
4529,3800,8329
1991,6787,8778
4640,1351,5991
386,5928,6314
7151,2953,10104
6563,7256,13819
5492,1528,7020
4500,2110,6610
549,8443,8992
5300,815,6115
5552,7545,13097
3383,7544,10927
5837,5535,11372
6095,8183,14278
1465,9123,10588
3002,999,4001
5601,1203,6804
2957,2755,5712
412,2595,3007
6662,4922,11584
4140,806,4946
2199,1641,3840
9667,3732,13399
5828,3179,9007
2361,7522,9883
7973,3628,11601
772,8715,9487
4889,935,5824
7813,6194,14007
425,2605,3030
7944,3716,11660
6095,8708,14803
6829,8063,14892
3878,3677,7555
519,8131,8650
7999,2518,10517
9044,7410,16454
3729,5344,9073
5282,7212,12494
1918,8722,10640
8015,7940,15955
173,6972,7145
719,2797,3516
6106,1593,7699
2040,3353,5393
1354,1132,2486
7740,7861,15601
5566,2688,8254
463,1000,1463
8315,3429,11744
8454,4493,12947
7913,7312,15225
6773,1358,8131
5718,5505,11223
8457,9760,18217
1250,2455,3705
3640,6756,10396
8461,7794,16255
4583,5802,10385
9354,827,10181
4560,7649,12209
9840,4909,14749
6283,224,6507
7927,4771,12698
9580,7823,17403
7042,4778,11820
3494,7827,11321
9613,9803,19416
8494,6187,14681
8564,2714,11278
4963,6837,11800
5466,174,5640
6887,8409,15296
5814,4328,10142
5987,7757,13744
8324,8609,16933
2412,1049,3461
6889,8577,15466
7832,5171,13003
6214,3155,9369
93,7951,8044
2989,4655,7644
4452,6615,11067
203,4847,5050
6360,4020,10380
4192,2762,6954
6030,1068,7098
106,7910,8016
1815,8678,10493
3623,2194,5817
6675,4914,11589
2716,1404,4120
1112,4496,5608
1620,3160,4780
2863,5618,8481
8789,7366,16155
4687,3007,7694
2817,4116,6933
3731,6418,10149
5880,6801,12681
3020,1764,4784
1493,8816,10309
8471,189,8660
9372,397,9769
492,4603,5095
8415,1917,10332
4925,6340,11265
9772,8366,18138
8252,5289,13541
3268,1070,4338
7241,4202,11443
2990,8304,11294
3714,2627,6341
9650,4923,14573
4181,4833,9014
3414,1115,4529
329,974,1303
139,7387,7526
2572,3824,6396
1391,5180,6571
801,2834,3635
6029,8963,14992
4789,8820,13609
3879,4442,8321
8362,7909,16271
268,6117,6385
8220,5312,13532
1574,1362,2936
382,8590,8972
3460,3116,6576
2326,7111,9437
8153,3060,11213
7693,3542,11235
8406,8681,17087
2914,3323,6237
8440,5525,13965
5170,629,5799
4932,534,5466
1879,9336,11215
4214,6081,10295
5143,9977,15120
6080,8039,14119
9905,5275,15180
2654,8633,11287
7479,1756,9235
9998,8803,18801
3084,5297,8381
8959,8685,17644
4020,8462,12482
6340,1388,7728
4219,9625,13844
4167,69,4236
7039,9338,16377
2900,9331,12231
396,1675,2071
6524,6734,13258
1974,1641,3615
347,717,1064
6146,5252,11398
1929,6781,8710
1140,8978,10118
1192,2974,4166
356,1574,1930
3059,7419,10478
4648,8679,13327
7899,4243,12142
3362,7509,10871
1481,9403,10884
2461,6677,9138
3165,3151,6316
9886,8,9894
501,3089,3590
1877,8163,10040
1030,3776,4806
8297,9391,17688
9815,801,10616
1119,4129,5248
3475,9915,13390
7407,2637,10044
2144,1364,3508
666,2705,3371
4667,9498,14165
5360,9966,15326
7142,1494,8636
4057,8138,12195
8419,3902,12321
6874,7514,14388
7585,7185,14770
2161,9931,12092
7016,9225,16241
6171,9847,16018
5565,5074,10639
5086,6387,11473
6201,4436,10637
7972,6941,14913
3881,2215,6096
1519,430,1949
3167,1998,5165
5101,486,5587
8029,223,8252
1928,5665,7593
1537,5616,7153
1118,3195,4313
2378,5113,7491
9185,8758,17943
9786,6412,16198
8860,5688,14548
6981,3389,10370
8561,2847,11408
5146,5968,11114
8338,6253,14591
9039,6735,15774
1900,9823,11723
3857,3467,7324
2032,972,3004
9724,9907,19631
944,5259,6203
789,3017,3806
304,7793,8097
9763,4605,14368
6807,1602,8409
8727,9659,18386
9921,5905,15826
5567,1950,7517
9788,3759,13547
7994,2219,10213
7424,623,8047
1837,3364,5201
7255,3897,11152
5919,3236,9155
99,3019,3118
7166,4232,11398
6540,6454,12994
8952,4507,13459
9797,5208,15005
4124,9017,13141
4217,4896,9113
8702,4015,12717
8116,849,8965
5806,7441,13247
2683,4906,7589
2007,6355,8362
248,8311,8559
1404,9152,10556
4115,3038,7153
6658,2594,9252
3580,542,4122
5307,6619,11926
723,4326,5049
5896,4441,10337
2915,4747,7662
1730,6585,8315
6403,9785,16188
9921,5437,15358
6147,801,6948
1214,9533,10747
8115,5733,13848
6465,4846,11311
3713,7223,10936
7805,6398,14203
8448,6130,14578
306,9663,9969
4966,5544,10510
5344,3510,8854
4034,8245,12279
7589,4266,11855
4129,7178,11307
408,9135,9543
581,5121,5702
189,2816,3005
7379,8971,16350
5591,2957,8548
2787,1746,4533
8377,7156,15533
6383,8462,14845
6321,4273,10594
5735,9514,15249
7463,2255,9718
4401,1127,5528
7952,8163,16115
9896,1847,11743
3838,2853,6691
6410,9870,16280
4493,4859,9352
1921,8692,10613
7809,6564,14373
8080,1582,9662
311,5654,5965
29,5510,5539
839,9012,9851
2394,5512,7906
9052,8091,17143
7737,3468,11205
988,1060,2048
4742,180,4922
7173,7918,15091
5812,6122,11934
4500,5378,9878
1746,7745,9491
526,2208,2734
5580,7851,13431
616,6549,7165
2154,8146,10300
2139,5276,7415
9059,1338,10397
4543,64,4607
1387,92,1479
3576,1355,4931
1427,6447,7874
3874,2648,6522
2251,7036,9287
1353,1272,2625
8184,1860,10044
3199,3425,6624
1105,1370,2475
9617,2089,11706
2081,2523,4604
3231,7025,10256
3287,7468,10755
2710,9189,11899
9122,5888,15010
8873,4608,13481
1702,2819,4521
9056,9512,18568
3014,8785,11799
7879,4800,12679
6927,1697,8624
7757,7294,15051
3162,593,3755
3657,6562,10219
9686,6188,15874
4483,8444,12927
6908,9736,16644
4532,5301,9833
2766,9432,12198
789,1663,2452
5149,1422,6571
7527,6179,13706
9855,4149,14004
3197,7888,11085
1284,7462,8746
3759,4789,8548
4060,7526,11586
4724,8601,13325
2423,5970,8393
920,1353,2273
4482,7435,11917
6740,9922,16662
5467,2247,7714
9690,7964,17654
4353,1541,5894
6836,927,7763
1410,1258,2668
8193,8966,17159
4946,6746,11692
9728,5424,15152
7491,8935,16426
1686,4818,6504
1313,5505,6818
474,9294,9768
4749,6057,10806
9856,9458,19314
573,4340,4913
4215,9677,13892
1349,8856,10205
1462,9136,10598
5921,3845,9766
8248,1171,9419
1705,8779,10484
6572,533,7105
5611,8207,13818
4714,3138,7852
7104,7806,14910
5742,3942,9684
7007,9424,16431
4706,6183,10889
8634,1835,10469
4151,3100,7251
3066,5955,9021
4317,6464,10781
8391,8857,17248
9160,3343,12503
7169,9260,16429
8938,9101,18039
2043,8286,10329
225,6867,7092
1832,6176,8008
560,9798,10358
5209,799,6008
726,8631,9357
3180,386,3566
5934,6466,12400
3589,6176,9765
5887,7844,13731
8744,8847,17591
6639,7614,14253
3982,433,4415
805,1118,1923
8703,8943,17646
1734,1824,3558
5332,8148,13480
7369,6733,14102
4341,7491,11832
6439,936,7375
9357,5459,14816
4586,2400,6986
8973,5055,14028
9189,8876,18065
6858,8437,15295
2183,7106,9289
7911,8736,16647
6875,3450,10325
7553,3979,11532
4827,2471,7298
4060,7775,11835
2135,8712,10847
4352,4709,9061
3286,7587,10873
856,1208,2064
4360,6556,10916
7607,6179,13786
149,9835,9984
5377,5929,11306
6816,1771,8587
4032,1064,5096
3591,5323,8914
8555,251,8806
4945,6164,11109
7814,8337,16151
6171,6219,12390
3214,4737,7951
3538,9066,12604
5427,9903,15330
3916,9020,12936
1846,3940,5786
7962,1269,9231
6242,7017,13259
1323,8717,10040
118,8230,8348
571,3028,3599
3374,3094,6468
3492,3280,6772
9498,4849,14347
2778,2281,5059
3399,8557,11956
4598,5190,9788
5419,6458,11877
2788,1812,4600
7448,6643,14091
2199,5373,7572
1745,5899,7644
5959,9885,15844
4876,5225,10101
8758,2455,11213
3807,8103,11910
4906,1599,6505
1405,8647,10052
336,6194,6530
1775,5303,7078
5679,9737,15416
6355,5483,11838
1978,6062,8040
768,94,862
6340,2779,9119
9506,1291,10797
5477,5755,11232
1079,357,1436
9018,4888,13906
1525,9148,10673
2289,2188,4477
3098,7657,10755
3516,3979,7495
2600,4666,7266
1725,3864,5589
3131,9439,12570
1621,8506,10127
5290,3763,9053
3012,3588,6600
9742,2769,12511
1697,9586,11283
2738,9770,12508
5920,5914,11834
3921,8700,12621
4996,5809,10805
4481,2593,7074
3939,7783,11722
5207,8992,14199
7122,4123,11245
6831,6334,13165
7594,6275,13869
8938,6315,15253
9196,7730,16926
4064,2363,6427
8485,462,8947
4936,5757,10693
4360,7926,12286
898,372,1270
4924,9890,14814
7515,8287,15802
9809,468,10277
7272,8920,16192
681,1406,2087
5164,693,5857
986,562,1548
7554,6970,14524
8093,2265,10358
4137,7035,11172
3279,456,3735
5655,6201,11856
7341,100,7441
7400,8135,15535
1989,6215,8204
5511,6925,12436
3030,8365,11395
1342,8846,10188
3943,7098,11041
7151,3361,10512
2470,9572,12042
901,3836,4737
3368,8982,12350
8500,2745,11245
4545,2709,7254
4670,3794,8464
5010,7955,12965
8695,1527,10222
5955,4267,10222
9744,4368,14112
5359,4282,9641
8574,5841,14415
4280,5907,10187
1178,1214,2392
9775,7783,17558
2471,9824,12295
5305,9612,14917
3732,2725,6457
3579,6791,10370
344,7412,7756
7961,2506,10467
1,2963,2964
7336,3066,10402
4704,9664,14368
9313,4148,13461
2352,5597,7949
9144,2837,11981
6173,9102,15275
2442,1136,3578
5973,6355,12328
8875,176,9051
3569,51,3620
690,3107,3797
5584,7007,12591
7495,2876,10371
8498,6542,15040
2071,1478,3549
1934,6803,8737
231,5340,5571
5670,1591,7261
8074,2753,10827
834,6927,7761
8904,7565,16469
1227,2558,3785
3134,8203,11337
5719,4175,9894
6727,2246,8973
472,6082,6554
6028,495,6523
3920,4138,8058
5481,1847,7328
663,2376,3039
90,3983,4073
3443,5995,9438
2100,3868,5968
2504,2770,5274
1237,1589,2826
7269,8469,15738
112,9536,9648
4400,3682,8082
2035,4195,6230
1888,1807,3695
8293,7254,15547
2885,3591,6476
4968,8645,13613
5110,3981,9091
8615,1273,9888
9614,7588,17202
9551,4647,14198
8544,8336,16880
5882,8971,14853
6516,3417,9933
6333,252,6585
7891,7821,15712
6010,6572,12582
304,3633,3937
7619,3362,10981
8389,6101,14490
83,6074,6157
7437,7965,15402
7681,1736,9417
6099,8144,14243
4992,4445,9437
866,3151,4017
7755,9187,16942
9581,8325,17906
704,7861,8565
5042,1957,6999
847,4930,5777
8860,8909,17769
6307,744,7051
6037,8813,14850
6909,7638,14547
2191,8058,10249
1832,2811,4643
7049,6220,13269
7734,5405,13139
8596,7119,15715
9467,9895,19362
4592,8999,13591
8826,7215,16041
3002,5499,8501
4570,247,4817
6544,8536,15080
4584,1343,5927
9546,9921,19467
4038,1609,5647
2761,4207,6968
7402,1364,8766
9250,5413,14663
4274,8795,13069
2972,9494,12466
2527,364,2891
5964,562,6526
6075,6494,12569
7444,9720,17164
4122,7833,11955
1118,3476,4594
60,1849,1909
3041,1827,4868
2932,988,3920
6906,5187,12093
6773,7797,14570
2787,9934,12721
623,6091,6714
1781,1734,3515
3013,6419,9432
8348,7310,15658
2220,1216,3436
8397,2929,11326
1517,1932,3449
408,8956,9364
8272,6806,15078
3851,780,4631
3796,8198,11994
7797,3869,11666
9476,5405,14881
4505,6195,10700
2936,1237,4173
3521,215,3736
3730,8878,12608
2592,4283,6875
5024,1463,6487
5974,3844,9818
1532,2723,4255
7001,1765,8766
622,1693,2315
8370,7451,15821
9884,4505,14389
5714,727,6441
3523,3629,7152
5286,2262,7548
9824,2316,12140
6044,1542,7586
5447,3540,8987
2473,1849,4322
3851,7811,11662
9203,1020,10223
5401,4600,10001
9042,6656,15698
4856,4888,9744
3330,730,4060
8655,5711,14366
6719,5305,12024
9609,3590,13199
5682,4688,10370
8363,1030,9393
9679,2836,12515
1899,9237,11136
1258,5325,6583
2208,3492,5700
4131,3825,7956
8368,5631,13999
827,1694,2521
3247,2168,5415
7762,4737,12499
8981,9078,18059
551,9141,9692
9824,7137,16961
7605,7606,15211
6728,3991,10719
4448,6521,10969
8700,6845,15545
5265,461,5726
3829,1825,5654
5654,3135,8789
3636,6573,10209
4755,4705,9460
1210,4185,5395
2223,1226,3449
2698,4349,7047
7064,7684,14748
2900,4892,7792
6201,2902,9103
929,232,1161
5314,3864,9178
9424,8924,18348
5912,2974,8886
4544,4652,9196
156,69,225
1351,949,2300
523,2360,2883
2410,3655,6065
6237,6943,13180
2239,3489,5728
559,4203,4762
2490,6117,8607
885,8479,9364
9354,9439,18793
3263,1186,4449
1035,8011,9046
3565,5688,9253
6406,3524,9930
509,8939,9448
4645,9984,14629
1274,4694,5968
8537,360,8897
4114,40,4154
397,2265,2662
6398,9259,15657
7999,6941,14940
9082,5451,14533
7895,7085,14980
971,6097,7068
8472,4632,13104
6255,3756,10011
999,8880,9879
629,1461,2090
8588,4774,13362
5254,3972,9226
1985,6054,8039
4777,3755,8532
7860,6161,14021
9540,629,10169
2907,5803,8710
3628,5441,9069
6254,2776,9030
6822,5461,12283
7338,4606,11944
7246,9459,16705
4548,4385,8933
8209,6188,14397
7828,8696,16524
7710,3406,11116
7748,183,7931
6881,3715,10596
2442,8608,11050
8989,2463,11452
6536,2382,8918
6044,3003,9047
3915,1987,5902
2969,2439,5408
8407,1021,9428
7659,2672,10331
4932,1471,6403
3976,7198,11174
4423,8067,12490
3171,823,3994
7941,8317,16258
5571,8532,14103
2846,7687,10533
4101,3868,7969
5077,9841,14918
9554,1615,11169
8425,1936,10361
3770,9527,13297
5921,2489,8410
453,8794,9247
6473,1744,8217
7495,6040,13535
8615,6408,15023
6061,1864,7925
1818,7232,9050
7994,9021,17015
1536,499,2035
8504,5979,14483
3481,4714,8195
4291,4405,8696
5732,9790,15522
3103,3245,6348
1659,6,1665
7369,1516,8885
2389,9076,11465
9515,5004,14519
7720,4200,11920
6396,5366,11762
7184,9885,17069
1202,983,2185
6588,3543,10131
7553,1861,9414
7863,2265,10128
1180,189,1369
1597,6136,7733
4634,4063,8697
4412,2425,6837
1799,2107,3906
8658,1748,10406
5799,9892,15691
3701,4540,8241
8096,6558,14654
9735,3281,13016
6294,5429,11723
4881,2956,7837
5894,2680,8574
9711,2019,11730
5845,7296,13141
2313,8587,10900
3090,4214,7304
8301,3124,11425
1539,686,2225
6025,6388,12413
2223,5447,7670
2018,9605,11623
4843,6332,11175
783,2457,3240
9053,7933,16986
7700,7821,15521
5346,5628,10974
3063,4598,7661
8432,4503,12935
9648,62,9710
5021,3274,8295
4424,8462,12886
6737,7622,14359
1181,9548,10729
983,8209,9192
7590,5304,12894
1040,9406,10446
1392,3915,5307
86,9142,9228
7582,5809,13391
7801,5328,13129
310,4441,4751
7320,9717,17037
289,959,1248
6345,2833,9178
5996,4695,10691
4433,8736,13169
7419,994,8413
349,4956,5305
8103,6612,14715
15,2293,2308
17,4196,4213
5326,809,6135
9659,2744,12403
270,4879,5149
7349,1624,8973
7555,9838,17393
8897,495,9392
148,4122,4270
2978,7279,10257
7151,2165,9316
9370,4305,13675
4317,5120,9437
7801,9495,17296
3241,2773,6014
8067,3,8070
5087,5946,11033
3626,3018,6644
3750,1323,5073
390,8730,9120
6863,8816,15679
4251,198,4449
2733,1419,4152
9794,7008,16802
4231,413,4644
6439,9777,16216
4326,3769,8095
4653,1562,6215
5846,5799,11645
7677,9560,17237
2334,5665,7999
8112,98,8210
8593,1792,10385
1222,4130,5352
7657,7530,15187
5436,5985,11421
8994,9736,18730
6533,6602,13135
1261,997,2258
5466,2164,7630
4890,7893,12783
7614,4924,12538
7565,4370,11935
4203,1149,5352
1216,5412,6628
679,3144,3823
1245,8039,9284
5953,54,6007
1439,5198,6637
4629,5160,9789
3690,2725,6415
3373,4357,7730
7501,8188,15689
4609,1907,6516
5396,6352,11748
4619,8277,12896
9560,7399,16959
9910,6326,16236
2177,8675,10852
8923,8583,17506
9287,6554,15841
9159,3227,12386
4257,6855,11112
6360,9752,16112
4329,5983,10312
4054,3559,7613
334,7864,8198
5546,3431,8977
7444,8081,15525
4305,5782,10087
7596,3784,11380
8253,8786,17039
7212,6268,13480
9904,2231,12135
7784,6736,14520
6240,371,6611
7206,6056,13262
4938,8677,13615
925,2986,3911
8183,8784,16967
5415,2966,8381
7124,1556,8680
14,9155,9169
9635,3304,12939
5711,4173,9884
7240,4618,11858
8931,4855,13786
6981,1803,8784
4711,9719,14430
9293,2154,11447
2677,7927,10604
5480,2435,7915
7024,1112,8136
7079,9558,16637
9458,1430,10888
159,7631,7790
7053,541,7594
9304,5093,14397
7767,3930,11697
895,2377,3272
2687,4670,7357
9345,7718,17063
104,574,678
6113,3031,9144
9870,2302,12172
4995,5344,10339
4395,7442,11837
1872,4427,6299
8659,164,8823
9147,8610,17757
3620,1203,4823
3011,9147,12158
9299,1067,10366
7241,53,7294
8420,8431,16851
9052,1445,10497
8326,6654,14980
3909,5714,9623
6875,4008,10883
8909,3361,12270
9769,3364,13133
1958,7785,9743
1477,86,1563
5732,4354,10086
4967,5188,10155
6167,7566,13733
1694,9549,11243
3758,6251,10009
9293,8390,17683
9189,472,9661
1824,9976,11800
2305,8603,10908
8783,3617,12400
1544,5954,7498
9576,5670,15246
1733,9793,11526
5681,2668,8349
2664,4076,6740
3258,1438,4696
2441,8432,10873
7332,1891,9223
5296,4841,10137
5414,1349,6763
5790,8279,14069
8431,6375,14806
3284,171,3455
4657,8224,12881
6435,5651,12086
6202,7696,13898
5790,6090,11880
8456,4503,12959
1947,7504,9451
7827,3030,10857
1770,2601,4371
4826,3920,8746
3564,6787,10351
9316,5279,14595
9415,9822,19237
3165,6192,9357
6891,6813,13704
6125,4851,10976
2408,576,2984
981,7527,8508
3671,1102,4773
5879,7935,13814
3257,7363,10620
8815,6310,15125
5627,6034,11661
2656,3400,6056
276,5062,5338
7443,230,7673
9688,1514,11202
1725,6254,7979
5852,172,6024
8682,9170,17852
2699,9839,12538
6453,6746,13199
8945,7195,16140
5854,3537,9391
9255,1135,10390
900,821,1721
917,1410,2327
8967,8125,17092
9479,6110,15589
2924,8178,11102
9613,8621,18234
6505,9801,16306
9375,9478,18853
8973,2726,11699
3944,9023,12967
1441,3930,5371
8922,9491,18413
4827,3043,7870
2904,8172,11076
6431,8364,14795
3142,6595,9737
2547,8447,10994
609,5226,5835
9119,2770,11889
4852,5027,9879
1078,8810,9888
7922,1218,9140
5100,1174,6274
6576,140,6716
2132,5629,7761
6868,9903,16771
9612,9455,19067
2765,4952,7717
3842,5155,8997
3626,968,4594
5931,5459,11390
5896,8063,13959
2477,2903,5380
2303,6936,9239
4455,1093,5548
9065,9027,18092
2719,8388,11107
8893,3332,12225
5030,8746,13776
4368,3319,7687
4719,7989,12708
6399,3305,9704
829,4388,5217
5669,2453,8122
6880,8822,15702
6656,9214,15870
4649,4312,8961
5612,3966,9578
7976,2056,10032
2118,5176,7294
1834,359,2193
827,2621,3448
1582,1896,3478
7690,741,8431
7964,7282,15246
1588,8150,9738
4746,2529,7275
3571,5592,9163
2065,3296,5361
8935,4898,13833
8966,8568,17534
784,3108,3892
5146,2781,7927
618,9241,9859
927,919,1846
403,5668,6071
5394,2774,8168
9552,9051,18603
4723,4282,9005
9611,5286,14897
6350,9633,15983
8858,3122,11980
3413,9123,12536
9675,5754,15429
5300,9399,14699
1336,8851,10187
875,2092,2967
6948,1051,7999
5644,8882,14526
6762,2980,9742
8173,1638,9811
2864,9604,12468
8435,473,8908
2351,5181,7532
3270,8467,11737
8667,7079,15746
3371,757,4128
7959,6623,14582
8055,8375,16430
3300,8962,12262
7559,5504,13063
3134,8074,11208
3039,7276,10315
7694,2399,10093
4458,7140,11598
5470,3898,9368
3494,3315,6809
7708,9274,16982
2381,3437,5818
4646,5940,10586
7860,6451,14311
738,4180,4918
2914,9475,12389
508,2339,2847
2742,7035,9777
2003,2836,4839
5765,5966,11731
1940,4383,6323
9008,1022,10030
3949,9743,13692
9572,5342,14914
3904,2812,6716
5747,4848,10595
593,9351,9944
3524,1168,4692
1485,5822,7307
2413,3031,5444
8712,6216,14928
9382,4345,13727
332,9898,10230
2310,1225,3535
7814,4496,12310
5925,5291,11216
7726,1464,9190
1414,6382,7796
1643,5139,6782
6593,513,7106
2154,4402,6556
5629,4516,10145
1201,3088,4289
9600,9697,19297
4831,6953,11784
2666,8800,11466
8277,9054,17331
1156,3312,4468
5888,8749,14637
8489,8469,16958
3225,3412,6637
966,5658,6624
817,9135,9952
795,4199,4994
824,6427,7251
3094,6952,10046
5304,1239,6543
9518,3419,12937
8992,6269,15261
4735,3883,8618
5025,2033,7058
5857,630,6487
6405,564,6969
5685,1979,7664
8318,7690,16008
236,9032,9268
3538,5278,8816
2482,7247,9729
2871,3575,6446
5716,6092,11808
5099,6822,11921
2642,3707,6349
3858,3710,7568
6765,9653,16418
5873,730,6603
3713,7054,10767
3238,1762,5000
3968,4701,8669
2618,777,3395
1950,7882,9832
6534,5617,12151
3278,5246,8524
601,3029,3630
879,7757,8636
2377,5230,7607
3625,9953,13578
7053,4833,11886
9098,1472,10570
5283,2582,7865
9787,3034,12821
7636,4909,12545
3362,8239,11601
413,5074,5487
6855,623,7478
6022,1817,7839
4105,1912,6017
2735,536,3271
2103,4197,6300
4228,4527,8755
526,9497,10023
5561,4192,9753
5193,965,6158
3844,8009,11853
739,1859,2598
1264,8289,9553
2536,7829,10365
2027,605,2632
5332,2541,7873
7914,2217,10131
5323,1113,6436
9879,3989,13868
9031,6945,15976
1918,2222,4140
9628,1810,11438
3354,7008,10362
6420,5014,11434
8865,6576,15441
9859,9150,19009
7068,5658,12726
1625,6580,8205
3001,2382,5383
3973,2869,6842
7556,745,8301
7065,71,7136
5390,1524,6914
297,5010,5307
7166,1339,8505
8158,9402,17560
8420,3341,11761
5649,9604,15253
6232,1075,7307
7387,4879,12266
5274,4741,10015
4895,8571,13466
4495,6352,10847
7539,6890,14429
5512,6280,11792
6602,9076,15678
4281,8981,13262
4075,9703,13778
2893,5747,8640
7133,539,7672
6733,861,7594
3703,598,4301
3552,7634,11186
3809,2468,6277
1587,8249,9836
6954,1627,8581
2704,6421,9125
642,5213,5855
2325,3398,5723
727,7308,8035
8536,3527,12063
3141,3461,6602
7856,1179,9035
4142,4852,8994
8844,9543,18387
5706,9960,15666
8484,8383,16867
1026,3690,4716
9673,7822,17495
8595,7547,16142
8047,7985,16032
1196,3633,4829
8458,9413,17871
4058,1783,5841
6732,4582,11314
8396,8213,16609
9737,5219,14956
9114,3027,12141
7086,6188,13274
9371,5215,14586
94,8319,8413
9791,9147,18938
5114,4118,9232
7250,6935,14185
9549,4061,13610
4046,8374,12420
6885,1765,8650
9581,1891,11472
3456,9269,12725
2796,9441,12237
4318,6627,10945
7122,4613,11735
7919,2195,10114
7102,1837,8939
8324,4895,13219
9655,8116,17771
1636,6967,8603
6906,9885,16791
1756,730,2486
1,6895,6896
9903,1088,10991
4812,2651,7463
2148,3874,6022
6575,4264,10839
5311,4143,9454
5520,8102,13622
4397,1427,5824
2057,9607,11664
751,5104,5855
6737,9204,15941
1985,9652,11637
1858,4228,6086
221,9257,9478
7529,7166,14695
4634,5032,9666
6436,6646,13082
9846,2909,12755
6536,8489,15025
7317,8008,15325
2967,9262,12229
5543,890,6433
4638,3136,7774
4580,24,4604
6726,5223,11949
8367,4328,12695
2345,5668,8013
9887,6431,16318
4513,9752,14265
1071,3566,4637
5342,6342,11684
8767,5478,14245
6917,128,7045
4171,4044,8215
7794,8877,16671
9751,7145,16896
1991,6704,8695
5980,312,6292
2946,6712,9658
9321,8513,17834
2921,6807,9728
3563,5491,9054
9357,2886,12243
574,7215,7789
899,9062,9961
180,2290,2470
7149,9508,16657
3701,6926,10627
8983,9533,18516
3448,9486,12934
6373,7987,14360
4493,7759,12252
6833,6722,13555
9149,2590,11739
7696,8413,16109
8056,4579,12635
9166,3670,12836
4526,6331,10857
5422,1636,7058
4141,2109,6250
3629,4150,7779
6871,9073,15944
5663,1463,7126
1395,9438,10833
5553,816,6369
7861,4252,12113
3208,1384,4592
8846,9198,18044
923,1967,2890
1661,5310,6971
5978,7697,13675
52,3244,3296
5574,6964,12538
5893,1137,7030
3174,6238,9412
6173,3036,9209
9210,3555,12765
8080,6693,14773
313,7463,7776
5843,2724,8567
5287,8275,13562
6694,8612,15306
122,3346,3468
6570,9055,15625
1654,2909,4563
54,5510,5564
7461,3207,10668
6575,9943,16518
477,3853,4330
1005,3295,4300
229,2132,2361
6928,6741,13669
7550,9037,16587
3840,9229,13069
44,4761,4805
1556,9243,10799
2434,8767,11201
7264,6782,14046
8263,3083,11346
7238,5498,12736
4433,8500,12933
458,5212,5670
5406,5196,10602
243,2386,2629
623,81,704
9578,2098,11676
4828,7878,12706
9544,3442,12986
2938,8136,11074
2805,1330,4135
9478,1756,11234
9792,2644,12436
8554,9942,18496
4607,4286,8893
4537,7469,12006
8939,3747,12686
4923,4035,8958
511,5738,6249
4754,8793,13547
4611,5888,10499
5968,6209,12177
4108,5915,10023
236,6332,6568
3702,6571,10273
9636,8608,18244
4825,9603,14428
931,8976,9907
7203,8456,15659
8929,928,9857
6209,7753,13962
5908,5402,11310
5297,9624,14921
2646,5006,7652
7427,1864,9291
3629,2182,5811
2965,5963,8928
203,2286,2489
8215,9240,17455
8165,9323,17488
2292,8999,11291
5509,8428,13937
2267,6642,8909
4689,8318,13007
3928,7566,11494
8074,393,8467
6097,2870,8967
7404,7070,14474
5302,8633,13935
969,554,1523
8332,9588,17920
3287,9868,13155
6809,7092,13901
1804,2014,3818
3106,9732,12838
9943,4761,14704
3735,5146,8881
3860,6584,10444
6248,6155,12403
9131,517,9648
4675,4899,9574
5605,7759,13364
1105,6551,7656
4527,2448,6975
515,4778,5293
5727,5383,11110
2622,486,3108
8364,8267,16631
9559,5690,15249
474,5508,5982
7844,3349,11193
8379,199,8578
3356,1397,4753
91,4441,4532
4651,6593,11244
8474,6770,15244
732,1458,2190
4478,7985,12463
843,5783,6626
2982,7524,10506
2723,5627,8350
5658,2491,8149
8058,6736,14794
2291,4465,6756
2756,3463,6219
8388,2227,10615
975,3688,4663
1036,4,1040
1845,7947,9792
7542,3900,11442
7984,8769,16753
1295,266,1561
2828,2889,5717
751,5128,5879
278,1839,2117
1505,2460,3965
2764,7315,10079
8333,9859,18192
8793,2021,10814
5146,2553,7699
9694,4713,14407
3592,3046,6638
8892,4072,12964
4415,9945,14360
3851,7787,11638
2505,5454,7959
4049,3196,7245
4207,4541,8748
3464,5735,9199
2523,8416,10939
3346,6534,9880
4844,3637,8481
6032,5011,11043
6735,796,7531
8485,865,9350
177,1133,1310
5761,8875,14636
2029,5204,7233
5507,774,6281
6632,5006,11638
7338,144,7482
1156,7777,8933
8162,9809,17971
3037,559,3596
9524,5507,15031
6620,2841,9461
25,743,768
9457,7195,16652
4891,488,5379
3922,9065,12987
5139,8000,13139
3593,6027,9620
7052,4654,11706
8026,974,9000
59,6510,6569
7474,9520,16994
1973,8784,10757
7733,5134,12867
7243,4308,11551
1528,5982,7510
1120,1851,2971
3993,9104,13097
4913,5305,10218
4337,3082,7419
7557,6261,13818
1174,5640,6814
5275,5259,10534
4219,3732,7951
6705,3145,9850
473,6889,7362
106,4414,4520
4412,2299,6711
1342,8737,10079
5536,3697,9233
5046,3175,8221
5009,4691,9700
7230,5938,13168
6807,9146,15953
8123,6742,14865
9465,9022,18487
1995,7521,9516
7446,4978,12424
149,2545,2694
9246,7767,17013
8312,4179,12491
9100,1499,10599
5774,9034,14808
3707,5456,9163
4025,1748,5773
441,9697,10138
4681,4125,8806
653,77,730
2550,6782,9332
7787,3267,11054
3650,3085,6735
7642,5978,13620
9371,1905,11276
7527,2805,10332
6321,140,6461
689,4688,5377
7559,9648,17207
4974,7789,12763
3825,683,4508
5071,1260,6331
4478,8891,13369
3668,3414,7082
4268,1394,5662
5693,156,5849
4912,1982,6894
1259,4745,6004
9634,7592,17226
9205,7140,16345
1634,1061,2695
5283,9254,14537
5149,9986,15135
7711,1710,9421
5740,7706,13446
5121,7020,12141
5188,9292,14480
663,9332,9995
1019,7507,8526
8511,1497,10008
8094,1075,9169
5877,577,6454
8421,8128,16549
4871,9308,14179
3366,3176,6542
8748,6003,14751
7428,4733,12161
1801,9200,11001
2769,295,3064
6629,7063,13692
7084,762,7846
2673,8249,10922
9580,6856,16436
3481,7149,10630
4476,1113,5589
6308,7730,14038
4001,6967,10968
5606,9027,14633
480,8364,8844
5630,5874,11504
1290,2498,3788
1310,9880,11190
6509,3575,10084
5175,5008,10183
2452,8973,11425
876,7848,8724
7197,96,7293
6337,6408,12745
3205,2463,5668
8048,79,8127
3725,5697,9422
6558,167,6725
3125,9918,13043
5741,271,6012
1539,4337,5876
4588,5625,10213
9212,4717,13929
9508,3600,13108
6633,8491,15124
8675,9120,17795
1931,9415,11346
3597,2190,5787
1426,6872,8298
2582,8050,10632
4856,1186,6042
4321,7920,12241
2070,6146,8216
6689,8004,14693
6977,2974,9951
2625,6431,9056
8663,6658,15321
6503,471,6974
8442,9760,18202
6712,460,7172
9338,8742,18080
8127,4307,12434
2974,8211,11185
4029,2599,6628
6944,2493,9437
3032,9599,12631
8396,524,8920
4343,3777,8120
9388,6293,15681
6292,4981,11273
4487,3434,7921
7514,9005,16519
9733,7052,16785
1189,3103,4292
7092,3173,10265
2757,6407,9164
2596,1331,3927
7730,1507,9237
3467,4445,7912
5310,1977,7287
228,1775,2003
7162,5337,12499
4783,8157,12940
5285,544,5829
2660,2218,4878
1936,7528,9464
3781,7549,11330
5851,8424,14275
6717,6045,12762
4287,3661,7948
8199,1551,9750
7595,9038,16633
1878,8992,10870
9,3148,3157
732,2905,3637
5717,3487,9204
5796,5604,11400
5593,8524,14117
2772,5164,7936
4321,1328,5649
1850,5506,7356
7143,2655,9798
6828,6231,13059
4731,5495,10226
4796,3363,8159
1176,5642,6818
1661,534,2195
1435,2712,4147
1447,214,1661
4962,7075,12037
2102,2912,5014
4946,8669,13615
1096,2509,3605
6812,5024,11836
2080,6740,8820
5038,5593,10631
5925,6025,11950
9825,4755,14580
12,6432,6444
2751,5925,8676
9383,9080,18463
3763,8453,12216
4224,518,4742
9467,1909,11376
7271,6324,13595
9778,6702,16480
9822,3064,12886
8816,4865,13681
2255,1522,3777
9294,1752,11046
4631,1548,6179
1120,1368,2488
2490,5298,7788
7296,9525,16821
6187,1807,7994
4360,3512,7872
7424,5798,13222
297,7191,7488
3804,645,4449
6984,4030,11014
6232,9167,15399
2664,9862,12526
689,3896,4585
5962,1263,7225
2709,535,3244
7385,5699,13084
1542,584,2126
562,9317,9879
9754,9052,18806
2199,928,3127
425,1322,1747
7157,5011,12168
3339,1331,4670
1517,8710,10227
4030,8789,12819
9604,3120,12724
5047,9213,14260
6784,3951,10735
4400,3619,8019
3907,2457,6364
1461,3176,4637
253,6309,6562
4615,828,5443
3677,1051,4728
5360,5157,10517
1765,2112,3877
960,2850,3810
3075,5022,8097
3805,1761,5566
7990,7625,15615
6860,4411,11271
9760,6384,16144
2484,9311,11795
2173,8857,11030
761,9322,10083
8097,7072,15169
8983,2367,11350
3736,6402,10138
1256,6528,7784
2595,6703,9298
2805,6468,9273
7889,4303,12192
612,7626,8238
9907,5012,14919
2426,5088,7514
5046,8339,13385
2251,6935,9186
3493,7270,10763
7207,2157,9364
5047,3450,8497
7164,2987,10151
2686,9246,11932
6638,4118,10756
9729,9812,19541
7813,3418,11231
2857,69,2926
1215,5212,6427
4591,9274,13865
1985,6454,8439
2205,49,2254
224,6954,7178
4924,7368,12292
5369,1897,7266
5530,6832,12362
9545,6282,15827
6397,754,7151
9064,9587,18651
979,4298,5277
8209,6401,14610
551,9560,10111
7458,5390,12848
63,7767,7830
5879,9818,15697
585,8743,9328
405,132,537
4057,2372,6429
2739,8735,11474
4628,6555,11183
5030,8503,13533
7601,4134,11735
6744,6522,13266
3419,5314,8733
8223,4654,12877
8795,5075,13870
6759,3160,9919
8819,6396,15215
9248,8804,18052
5239,9570,14809
2119,1195,3314
2398,7275,9673
3850,2448,6298
5477,6277,11754
1362,1242,2604
7776,7333,15109
5482,4243,9725
4305,5979,10284
1103,5068,6171
8363,8829,17192
8500,7529,16029
4610,583,5193
1861,6065,7926
2243,7116,9359
2423,2402,4825
3823,9713,13536
3954,8055,12009
761,2721,3482
397,4032,4429
1643,8236,9879
9644,7625,17269
4643,6765,11408
3192,9223,12415
9647,3410,13057
4909,9301,14210
5866,980,6846
8603,5877,14480
7673,4970,12643
9626,907,10533
8217,1161,9378
3143,186,3329
3696,5228,8924
449,5560,6009
6180,4586,10766
8911,3588,12499
5970,8243,14213
2824,6048,8872
1942,7543,9485
1835,4707,6542
9588,6843,16431
6090,8020,14110
4882,595,5477
3578,5302,8880
3344,9951,13295
8319,7762,16081
2106,6153,8259
6868,8985,15853
4534,5880,10414
7633,3009,10642
7866,2989,10855
6693,1916,8609
1634,7704,9338
4812,1033,5845
5936,6211,12147
4048,8990,13038
845,4738,5583
2432,1413,3845
9998,6027,16025
2979,9959,12938
9137,5824,14961
9726,1288,11014
8131,3881,12012
1786,3115,4901
5340,4099,9439
2775,8520,11295
6156,9220,15376
7066,5472,12538
995,6445,7440
5808,8198,14006
5025,8945,13970
6177,5124,11301
925,3978,4903
8890,9220,18110
5699,5687,11386
6521,1263,7784
2643,627,3270
6179,3884,10063
8582,3500,12082
933,8386,9319
1737,2832,4569
6445,5230,11675
7010,7416,14426
2744,1329,4073
8385,7170,15555
958,8409,9367
2598,4432,7030
5569,1328,6897
2957,7350,10307
1830,79,1909
4470,6494,10964
7490,4779,12269
1534,1353,2887
2711,2693,5404
8322,861,9183
4968,6781,11749
4565,8466,13031
9772,274,10046
4006,2001,6007
1988,3489,5477
2432,5476,7908
8143,912,9055
542,1753,2295
5810,141,5951
1599,2835,4434
9190,3667,12857
1215,2441,3656
8206,1866,10072
105,5663,5768
3724,1044,4768
8850,3977,12827
6548,1334,7882
7469,3804,11273
9042,8763,17805
4352,1974,6326
6183,6838,13021
9931,4249,14180
3596,2375,5971
622,794,1416
2165,1287,3452
2703,9650,12353
9188,3225,12413
6686,252,6938
4975,372,5347
2456,6362,8818
9484,2914,12398
3596,8767,12363
9212,7899,17111
8987,8710,17697
955,9807,10762
3499,2827,6326
3344,7292,10636
9166,5114,14280
8781,6735,15516
1813,9684,11497
2875,8456,11331
3673,4136,7809
5017,4959,9976
9174,4800,13974
5246,6734,11980
7534,9120,16654
1004,6450,7454
7512,4736,12248
6378,7048,13426
9775,3903,13678
1380,7929,9309
5778,7506,13284
5104,1188,6292
4586,5192,9778
3049,6456,9505
4483,1588,6071
4261,4071,8332
7328,6440,13768
7341,8262,15603
3680,5817,9497
7965,5935,13900
1072,968,2040
3448,908,4356
7057,6414,13471
1784,5154,6938
4177,9909,14086
2491,3990,6481
200,9251,9451
5371,1368,6739
7577,6718,14295
1547,946,2493
6037,211,6248
5742,382,6124
6920,2120,9040
6201,5128,11329
6701,8952,15653
4158,4719,8877
562,9985,10547
4616,2614,7230
7843,9031,16874
4794,3523,8317
7540,6913,14453
9487,9808,19295
6978,8575,15553
4966,674,5640
8585,697,9282
7490,8519,16009
6444,6250,12694
5019,7376,12395
5952,3845,9797
6807,9673,16480
5791,2770,8561
898,7843,8741
5229,4452,9681
3788,8709,12497
9717,9556,19273
2456,6038,8494
8648,6005,14653
8854,6283,15137
1444,5284,6728
1302,3722,5024
2299,8919,11218
8249,4197,12446
4970,1795,6765
4982,4576,9558
8773,401,9174
1853,4783,6636
6487,3796,10283
4683,2034,6717
2768,9546,12314
2273,8320,10593
3822,465,4287
7445,8418,15863
3198,3577,6775
7801,6854,14655
9458,6103,15561
3352,5367,8719
4946,2471,7417
2696,5471,8167
4775,4150,8925
7315,4312,11627
8411,2575,10986
6066,1877,7943
6185,1817,8002
1312,9462,10774
5787,6404,12191
6635,7295,13930
3898,1927,5825
9359,258,9617
3833,9909,13742
185,4852,5037
3884,7347,11231
4790,7428,12218
2650,3169,5819
9138,5938,15076
9729,8843,18572
6484,8615,15099
8175,407,8582
2974,5858,8832
7859,6829,14688
7825,1501,9326
9258,8091,17349
7841,2788,10629
8517,8571,17088
7114,8750,15864
4485,8721,13206
297,9298,9595
1779,4166,5945
1076,5702,6778
1318,3878,5196
1275,9791,11066
8780,5664,14444
7218,1289,8507
5541,521,6062
7295,2809,10104
4836,4921,9757
7555,4156,11711
8776,8833,17609
4255,6453,10708
7165,8874,16039
8820,6627,15447
3487,1287,4774
9958,3709,13667
357,4316,4673
2015,1060,3075
5184,8517,13701
2354,3970,6324
7814,6216,14030
9247,1350,10597
6844,63,6907
9410,2130,11540
4547,1400,5947
2816,5297,8113
6974,4775,11749
6448,5116,11564
4322,9971,14293
7737,2101,9838
3945,7411,11356
2483,8192,10675
6609,1539,8148
1186,3650,4836
3728,2829,6557
1922,6098,8020
3872,6823,10695
6660,8512,15172
7255,7967,15222
7000,7306,14306
1388,4427,5815
4609,7164,11773
2900,503,3403
8022,1005,9027
348,3166,3514
9575,9752,19327
655,5940,6595
9836,9607,19443
7568,3189,10757
8649,2296,10945
368,144,512
1322,7094,8416
3835,7661,11496
7230,7975,15205
1855,1328,3183
9464,3196,12660
941,9296,10237
8828,2750,11578
3300,5116,8416
5706,5443,11149
6675,1794,8469
9021,5803,14824
9890,8546,18436
8961,7998,16959
2436,3956,6392
9828,6320,16148
1412,388,1800
5490,577,6067
788,5039,5827
2275,2048,4323
8354,6394,14748
9419,7451,16870
4050,6414,10464
2676,4354,7030
6178,5172,11350
1187,3369,4556
5154,9928,15082
9741,2507,12248
1522,753,2275
101,2579,2680
1651,9929,11580
5463,5000,10463
7943,8536,16479
175,3901,4076
1005,7079,8084
5430,2772,8202
5771,902,6673
8855,978,9833
1399,4393,5792
4905,2946,7851
1715,652,2367
194,4398,4592
7402,9611,17013
6736,516,7252
5393,9107,14500
8982,8349,17331
603,8378,8981
2246,4684,6930
5709,4909,10618
7208,3174,10382
8245,6184,14429
8689,4797,13486
1353,928,2281
9240,850,10090
8060,738,8798
1589,8249,9838
4911,6154,11065
134,8479,8613
1019,8217,9236
6300,9341,15641
7017,552,7569
3152,2492,5644
1917,1647,3564
6424,1919,8343
8332,1700,10032
1828,1882,3710
4716,4843,9559
80,2164,2244
3587,6822,10409
1764,2,1766
7794,7354,15148
2936,7979,10915
4164,4080,8244
5557,4420,9977
6953,9563,16516
9722,8749,18471
1863,170,2033
2205,4656,6861
2085,9225,11310
5699,3724,9423
3825,3125,6950
8218,5644,13862
7289,9225,16514
1176,5019,6195
5388,3451,8839
1394,5064,6458
2938,9794,12732
9644,7913,17557
1559,4364,5923
1716,9669,11385
5776,9679,15455
5658,3916,9574
8729,5456,14185
574,811,1385
8914,4440,13354
3191,145,3336
7667,3859,11526
3661,848,4509
4643,8448,13091
6142,3524,9666
1134,8550,9684
7293,4070,11363
1737,120,1857
6175,3662,9837
6300,4070,10370
8381,4135,12516
1307,216,1523
3843,5145,8988
2366,9706,12072
7857,8240,16097
666,6049,6715
5925,2895,8820
2814,9947,12761
3020,9206,12226
4417,8772,13189
2014,703,2717
3804,1018,4822
8023,8039,16062
9858,9293,19151
7313,1753,9066
3342,7124,10466
1103,4220,5323
604,1899,2503
3868,5038,8906
5087,6983,12070
5472,5324,10796
5952,637,6589
92,257,349
3360,6,3366
4697,5809,10506
5130,2446,7576
7046,1444,8490
2184,416,2600
7183,3792,10975
1264,3769,5033
6883,2138,9021
6023,5911,11934
7204,7142,14346
2575,1822,4397
9068,3996,13064
5935,6140,12075
8695,4721,13416
7343,1940,9283
174,615,789
6869,8826,15695
610,8752,9362
2785,2106,4891
5151,8389,13540
6004,2309,8313
6131,4919,11050
146,1859,2005
7440,3392,10832
2883,3849,6732
9239,7643,16882
7267,7128,14395
263,4716,4979
2398,7341,9739
8873,6034,14907
1300,3962,5262
4513,708,5221
101,8661,8762
4888,298,5186
4454,7495,11949
4415,9746,14161
1491,7633,9124
6808,6098,12906
2084,6342,8426
4804,3408,8212
2532,3812,6344
4739,4821,9560
5611,5174,10785
5099,3944,9043
2425,562,2987
8558,3535,12093
5388,942,6330
4938,7649,12587
2152,9379,11531
3819,91,3910
3342,5818,9160
3696,3556,7252
9393,6963,16356
121,4973,5094
4091,6966,11057
4483,84,4567
9986,105,10091
9818,2373,12191
8184,7032,15216
4326,822,5148
7981,657,8638
8772,3094,11866
1434,774,2208
9308,3226,12534
1610,2729,4339
6955,1756,8711
6603,2785,9388
2757,6055,8812
3908,5923,9831
5532,4330,9862
5758,7616,13374
4426,6320,10746
9581,702,10283
4912,1460,6372
2156,3240,5396
683,9968,10651
2552,2334,4886
158,6845,7003
7355,9576,16931
3353,1053,4406
8135,6982,15117
7268,4171,11439
4836,1712,6548
3280,9590,12870
1448,1619,3067
1144,4789,5933
8787,2106,10893
116,3669,3785
7490,8584,16074
6716,7458,14174
1621,2607,4228
1573,2649,4222
3337,1791,5128
7822,4238,12060
2518,1581,4099
2161,6931,9092
4914,4943,9857
4354,4646,9000
5515,3529,9044
7759,5467,13226
3401,172,3573
472,400,872
7152,6578,13730
4840,6562,11402
3936,1708,5644
7510,1686,9196
5346,3198,8544
6030,2746,8776
6376,4072,10448
8863,1861,10724
5041,4904,9945
3995,9659,13654
6475,9272,15747
4505,5811,10316
2549,6884,9433
7108,2288,9396
7040,5532,12572
7471,218,7689
5657,3608,9265
3334,7670,11004
3683,8825,12508
92,4421,4513
5754,6069,11823
9028,7947,16975
8310,6447,14757
8125,1830,9955
4590,6266,10856
5760,9830,15590
2701,9117,11818
900,7206,8106
913,9713,10626
3322,7310,10632
3772,9658,13430
6766,4897,11663
6076,955,7031
4153,1438,5591
3218,5476,8694
7732,3150,10882
4092,5179,9271
7955,6676,14631
6697,5493,12190
3996,1836,5832
6576,7000,13576
7848,353,8201
5111,219,5330
8200,5210,13410
5639,9964,15603
922,4139,5061
3797,194,3991
1030,4049,5079
6556,9557,16113
5076,6862,11938
1336,820,2156
1851,9473,11324
1744,7067,8811
3599,2882,6481
461,4515,4976
6000,3440,9440
99,3845,3944
6301,9868,16169
2414,7019,9433
7125,9927,17052
4725,3919,8644
5260,9037,14297
5171,3020,8191
7119,943,8062
4364,4505,8869
9490,503,9993
4718,1281,5999
6103,9555,15658
2039,1100,3139
4861,8839,13700
5797,3655,9452
264,3191,3455
3257,5368,8625
4831,6462,11293
3459,8625,12084
608,8045,8653
30,3353,3383
7867,2444,10311
9044,5335,14379
6270,4916,11186
4715,8543,13258
7233,9178,16411
4083,8764,12847
4337,6168,10505
291,2163,2454
9013,3712,12725
4131,6600,10731
6671,3802,10473
4424,9884,14308
3909,4166,8075
6671,4997,11668
2852,3081,5933
5512,9864,15376
4875,9843,14718
3955,5521,9476
4167,8481,12648
2959,5531,8490
6932,9670,16602
9276,5476,14752
6498,439,6937
9146,2876,12022
1999,6438,8437
6601,1162,7763
7099,3960,11059
2349,1511,3860
2747,1357,4104
6185,3561,9746
3953,6729,10682
7485,9309,16794
538,4571,5109
7667,5199,12866
8142,3684,11826
2562,2721,5283
2908,5583,8491
244,2592,2836
7716,3530,11246
4094,2792,6886
5049,6756,11805
7622,2613,10235
3972,8781,12753
5616,6873,12489
2922,3664,6586
8213,2130,10343
4967,2180,7147
8438,4193,12631
3512,3934,7446
3612,2647,6259
5273,4074,9347
586,6274,6860
9267,6970,16237
5155,9297,14452
7704,9593,17297
5576,7986,13562
3784,8571,12355
7107,5108,12215
7411,4127,11538
1074,4433,5507
9617,7864,17481
6737,3768,10505
7385,7540,14925
9390,3769,13159
8018,6619,14637
8449,798,9247
7047,4638,11685
6031,790,6821
2853,5913,8766
6223,274,6497
7811,9814,17625
9960,3859,13819
4201,2974,7175
1554,2264,3818
3177,9875,13052
1241,9645,10886
9970,6223,16193
6862,6957,13819
3451,1180,4631
2822,3377,6199
8433,7329,15762
3724,6645,10369
1193,1703,2896
3671,4455,8126
4154,8845,12999
4636,6817,11453
5563,2953,8516
7726,104,7830
7831,1647,9478
6621,3605,10226
8779,7442,16221
8090,6661,14751
820,2213,3033
2070,6435,8505
1052,9444,10496
7547,7784,15331
2562,7974,10536
7478,4903,12381
3664,8744,12408
4261,3237,7498
8706,7823,16529
536,2133,2669
225,4721,4946
9522,1595,11117
7572,4695,12267
7147,6813,13960
1768,9817,11585
5692,7797,13489
4843,7377,12220
3104,969,4073
4343,5995,10338
9992,3937,13929
7441,4995,12436
445,1401,1846
3159,9975,13134
9422,4728,14150
9021,7209,16230
823,1464,2287
4342,4494,8836
6663,9258,15921
7524,4848,12372
9589,5875,15464
2055,8111,10166
2424,5730,8154
9577,273,9850
6097,376,6473
5828,3655,9483
3510,4709,8219
70,1001,1071
9103,3897,13000
1845,9085,10930
550,7187,7737
162,7832,7994
9154,8186,17340
2319,1859,4178
5807,9091,14898
6961,7095,14056
2678,6037,8715
6228,6013,12241
6692,2488,9180
9460,8103,17563
9473,6737,16210
5915,1629,7544
5212,1464,6676
2997,120,3117
5367,1364,6731
2439,4742,7181
2459,1855,4314
8655,769,9424
1125,6880,8005
5920,4638,10558
5513,1756,7269
9287,6883,16170
2283,3073,5356
4073,8663,12736
6917,8649,15566
8219,426,8645
1272,3500,4772
2224,977,3201
2699,6293,8992
6808,5021,11829
6878,857,7735
9162,3082,12244
8566,6344,14910
5430,1373,6803
8630,7558,16188
8269,3715,11984
47,1271,1318
6005,1033,7038
7360,5838,13198
3697,2166,5863
7390,8276,15666
6878,739,7617
3110,643,3753
5327,9397,14724
6909,7094,14003
3340,8962,12302
8221,9628,17849
4417,1222,5639
6146,643,6789
3083,33,3116
8272,7175,15447
4791,663,5454
4888,8853,13741
1131,3383,4514
8646,2607,11253
9531,2567,12098
8970,9228,18198
169,9066,9235
773,92,865
483,4137,4620
1751,3478,5229
7747,4341,12088
3469,2799,6268
9470,8566,18036
7765,6207,13972
2522,7730,10252
2185,224,2409
3493,7960,11453
9257,3325,12582
4597,8939,13536
9612,4990,14602
656,840,1496
5974,6714,12688
3462,6385,9847
1460,656,2116
5832,4484,10316
9171,2252,11423
9986,8905,18891
7845,3502,11347
9792,1432,11224
1336,1154,2490
9984,8549,18533
2087,7902,9989
5335,8329,13664
4479,5395,9874
533,1661,2194
5003,809,5812
9183,9736,18919
596,857,1453
4662,157,4819
298,1632,1930
4792,3773,8565
2123,1249,3372
4828,9637,14465
7916,1148,9064
3954,2231,6185
8303,9121,17424
442,4786,5228
7135,8712,15847
9321,5258,14579
2597,4860,7457
2546,3026,5572
1215,5358,6573
585,327,912
3776,285,4061
8326,5845,14171
2268,8489,10757
7649,7526,15175
6476,3161,9637
6199,7292,13491
4906,8129,13035
8536,2656,11192
9365,8290,17655
6858,9938,16796
6011,7656,13667
6195,901,7096
4334,3963,8297
5078,156,5234
3631,7293,10924
3116,76,3192
3202,2399,5601
7257,8601,15858
984,3706,4690
5690,1414,7104
6778,5069,11847
4868,3342,8210
7632,7765,15397
7601,6689,14290
5303,4962,10265
8238,9961,18199
7050,3551,10601
2248,6473,8721
5916,134,6050
3706,2567,6273
3936,7928,11864
5499,1084,6583
1957,8617,10574
4139,5367,9506
2685,9696,12381
9845,1889,11734
2536,7583,10119
549,6635,7184
9093,5484,14577
2321,7541,9862
6695,5253,11948
3289,9443,12732
1826,2616,4442
8966,7753,16719
3380,9116,12496
508,8826,9334
8859,1166,10025
3957,4045,8002
1766,9476,11242
2560,6077,8637
3508,2512,6020
3727,1008,4735
8530,531,9061
9857,8019,17876
8366,6789,15155
420,1037,1457
6506,5004,11510
3279,6478,9757
3425,5600,9025
3269,6149,9418
7325,3789,11114
3336,1970,5306
5867,7157,13024
3798,6118,9916
7512,7964,15476
6391,767,7158
6917,7243,14160
5645,3537,9182
4323,4584,8907
7721,837,8558
5523,8651,14174
4679,3159,7838
2727,3997,6724
3322,3996,7318
2905,6566,9471
9992,1911,11903
9957,983,10940
8450,1204,9654
7606,4226,11832
6540,8778,15318
9232,3218,12450
6617,1345,7962
4860,3978,8838
9319,2660,11979
7593,7001,14594
2276,3749,6025
5050,4520,9570
3617,8643,12260
9464,6302,15766
8586,2156,10742
6359,8268,14627
8810,6226,15036
6893,2711,9604
7047,2636,9683
2677,4363,7040
9918,5944,15862
307,378,685
3493,668,4161
3566,32,3598
3554,9896,13450
6420,9679,16099
7531,419,7950
2318,5644,7962
147,9553,9700
8994,9958,18952
431,1507,1938
3623,1158,4781
9735,5446,15181
5561,8734,14295
5744,7887,13631
9319,5595,14914
4086,5359,9445
5494,3597,9091
3618,691,4309
9925,5355,15280
7207,2062,9269
2376,4815,7191
8532,8142,16674
9756,3419,13175
7122,1433,8555
8734,9517,18251
1690,3951,5641
3941,9432,13373
6536,2319,8855
7564,3589,11153
7263,9845,17108
3009,8465,11474
777,1214,1991
6490,271,6761
3266,3619,6885
7154,8464,15618
7885,7468,15353
6772,4003,10775
5060,9714,14774
682,1324,2006
3077,609,3686
6473,9058,15531
7775,8238,16013
2215,9904,12119
970,7836,8806
4349,3921,8270
6330,4701,11031
2279,8658,10937
5389,4043,9432
5314,357,5671
2515,193,2708
556,3225,3781
1154,2136,3290
5964,7464,13428
2496,6236,8732
4277,9618,13895
4433,3103,7536
2379,5628,8007
8124,3375,11499
50,8633,8683
6952,812,7764
7887,4158,12045
2440,3084,5524
5523,8526,14049
5640,8650,14290
1980,9250,11230
1739,7431,9170
2456,2166,4622
8152,4032,12184
7076,4177,11253
6781,7572,14353
9209,6284,15493
5827,8052,13879
4730,4800,9530
3593,1895,5488
230,4930,5160
9126,9820,18946
9126,5380,14506
6755,6263,13018
8858,7126,15984
3081,5604,8685
931,7849,8780
6060,4514,10574
9418,6966,16384
5018,8931,13949
4465,6400,10865
6301,8250,14551
1635,2007,3642
9166,1227,10393
6920,5225,12145
8782,6694,15476
9549,2748,12297
9538,1174,10712
1498,8670,10168
377,6580,6957
4774,4837,9611
7747,7906,15653
9720,5486,15206
3706,3040,6746
3729,7987,11716
8763,5769,14532
7496,8030,15526
8234,5031,13265
8144,3551,11695
6558,9388,15946
6072,9061,15133
4296,3123,7419
1348,8048,9396
46,2508,2554
1639,1865,3504
2230,34,2264
4151,4639,8790
2192,1244,3436
2325,9041,11366
7243,7092,14335
7247,1577,8824
9576,1145,10721
3644,4362,8006
9714,1125,10839
9218,6709,15927
6597,7181,13778
6360,5328,11688
1541,9814,11355
457,2888,3345
3344,1511,4855
39,7516,7555
8984,6506,15490
101,6380,6481
2565,1290,3855
3024,6433,9457
1482,2615,4097
4408,2220,6628
2690,3123,5813
1101,4400,5501
8093,2065,10158
7343,2391,9734
1936,52,1988
7701,4685,12386
7847,5569,13416
9714,9305,19019
3914,6807,10721
193,7277,7470
5483,2518,8001
8331,3898,12229
4929,4908,9837
1509,5516,7025
7583,2931,10514
5685,2409,8094
7488,6403,13891
8006,4267,12273
1358,2016,3374
1336,2170,3506
9877,9363,19240
1150,8442,9592
6224,491,6715
6506,7052,13558
9831,1499,11330
640,1315,1955
6598,9349,15947
2518,2497,5015
17,4582,4599
302,2580,2882
3989,8679,12668
1987,5780,7767
3267,1524,4791
7438,6168,13606
6572,9763,16335
625,6467,7092
7577,4554,12131
3273,4303,7576
6113,8087,14200
4055,7455,11510
5815,3140,8955
7913,2611,10524
5684,7219,12903
1215,5944,7159
8264,7830,16094
6932,7204,14136
3810,9369,13179
23,4546,4569
5681,8106,13787
2362,4408,6770
6077,7376,13453
7791,590,8381
9889,1162,11051
5035,134,5169
9318,8334,17652
8385,9573,17958
5242,5717,10959
269,7758,8027
3722,5134,8856
1840,624,2464
7591,4585,12176
1926,8914,10840
3303,3908,7211
2576,3701,6277
9635,7561,17196
7505,4461,11966
333,5294,5627
7777,4231,12008
2690,1801,4491
9162,231,9393
2947,3114,6061
7489,4919,12408
5406,405,5811
6464,4458,10922
5536,3339,8875
7154,9710,16864
7781,1501,9282
7311,8495,15806
3909,1391,5300
4200,2005,6205
9286,235,9521
1770,8099,9869
2918,3132,6050
2083,4005,6088
2589,5371,7960
3257,182,3439
6672,9534,16206
3427,2097,5524
5128,5425,10553
3732,818,4550
932,2545,3477
7512,4871,12383
4658,1239,5897
8773,6903,15676
677,8484,9161
2090,7787,9877
9606,4984,14590
6657,3021,9678
5726,7725,13451
7668,909,8577
5668,6615,12283
4270,2173,6443
9385,764,10149
1484,7093,8577
741,9768,10509
9457,6698,16155
1859,4432,6291
1815,4303,6118
5103,5369,10472
7766,3336,11102
4700,6175,10875
8099,7414,15513
6167,7288,13455
5876,4724,10600
3514,4898,8412
2128,8890,11018
648,4580,5228
4263,8513,12776
5204,3131,8335
4245,2626,6871
4406,4516,8922
1132,8608,9740
1658,1483,3141
5474,28,5502
7322,6255,13577
2034,6109,8143
631,2694,3325
6722,8811,15533
7232,3209,10441
2261,34,2295
3271,7381,10652
3367,8903,12270
850,6040,6890
5810,565,6375
4935,5372,10307
9397,7461,16858
1357,2134,3491
2469,3656,6125
1899,351,2250
8149,4742,12891
6185,1101,7286
6739,6969,13708
5145,9056,14201
9214,5441,14655
7977,2657,10634
7913,8255,16168
8947,5903,14850
8805,6298,15103
8707,9091,17798
4311,813,5124
6565,9332,15897
7407,9755,17162
2989,9492,12481
3728,5937,9665
7257,4197,11454
7359,118,7477
1919,8411,10330
871,8262,9133
8763,6303,15066
5304,6254,11558
8339,3467,11806
4560,2731,7291
4033,4026,8059
2691,6856,9547
6281,775,7056
7789,1874,9663
4786,1458,6244
3005,4040,7045
8350,5967,14317
4744,4869,9613
1715,9637,11352
9021,5013,14034
9258,1687,10945
5499,9152,14651
7013,687,7700
9738,7137,16875
8313,1728,10041
5115,9023,14138
2959,7039,9998
6816,9784,16600
6334,2680,9014
6958,9348,16306
8485,6484,14969
3151,9996,13147
7365,7277,14642
352,5500,5852
4692,4271,8963
2715,7309,10024
9980,7630,17610
8773,2033,10806
6362,1100,7462
9369,2141,11510
5978,1076,7054
7660,5071,12731
9344,2464,11808
3507,5582,9089
8120,4347,12467
3089,9557,12646
1403,1932,3335
5419,8426,13845
8290,6424,14714
8423,985,9408
3737,7608,11345
9189,4101,13290
460,656,1116
4403,7489,11892
8817,86,8903
2613,8355,10968
891,7491,8382
8503,9590,18093
519,8838,9357
3156,5194,8350
9289,9226,18515
431,8743,9174
9607,2269,11876
9865,4619,14484
8979,6000,14979
1706,9389,11095
3592,7278,10870
8059,3558,11617
5307,9534,14841
2794,7171,9965
7271,7360,14631
804,4525,5329
3085,6894,9979
4373,4357,8730
5020,3517,8537
6978,371,7349
7139,3384,10523
1148,4201,5349
6051,1433,7484
4801,520,5321
8413,8388,16801
9842,3521,13363
2355,6155,8510
4540,1291,5831
6086,1262,7348
4334,2346,6680
509,8415,8924
9840,9351,19191
5210,5724,10934
145,6606,6751
4174,1897,6071
1243,4796,6039
3043,181,3224
2492,7002,9494
9796,9045,18841
8067,7585,15652
4607,3648,8255
9747,8559,18306
5425,6387,11812
4836,2118,6954
4174,1885,6059
5000,2507,7507
8452,2984,11436
8994,9223,18217
7241,726,7967
5781,1275,7056
4678,2632,7310
3120,8289,11409
3314,631,3945
319,8596,8915
8349,7414,15763
7897,4894,12791
8922,1371,10293
6962,4377,11339
7996,7154,15150
2740,2155,4895
4372,7790,12162
4593,2122,6715
6332,1246,7578
4387,6937,11324
7420,829,8249
6561,24,6585
8601,1043,9644
3139,1332,4471
2457,2549,5006
1259,9237,10496
1593,6819,8412
1175,1422,2597
7607,3331,10938
6258,8635,14893
5699,2888,8587
8005,2698,10703
3752,8927,12679
6477,7012,13489
1575,241,1816
2098,5410,7508
8000,7683,15683
4790,3261,8051
327,4715,5042
4602,6430,11032
7336,4038,11374
4314,4495,8809
458,3638,4096
4168,1431,5599
3712,7663,11375
7987,5847,13834
618,2147,2765
158,6534,6692
426,6457,6883
6039,9762,15801
453,4220,4673
9383,5102,14485
5594,3588,9182
4578,8751,13329
4553,5713,10266
1764,8136,9900
4899,9399,14298
8131,7153,15284
9084,4118,13202
5845,2450,8295
9044,6181,15225
4564,979,5543
5973,4818,10791
418,4838,5256
4124,5704,9828
519,8444,8963
1219,7765,8984
9240,9134,18374
6604,9626,16230
9299,9296,18595
3407,3538,6945
5905,3521,9426
4789,7037,11826
7152,6702,13854
3999,3218,7217
6456,6154,12610
4278,8960,13238
2996,1384,4380
6599,5651,12250
9356,5959,15315
4645,2952,7597
6709,1643,8352
4298,2911,7209
9798,3642,13440
8228,1672,9900
1334,411,1745
9382,7711,17093
5797,9238,15035
2266,3055,5321
1073,2141,3214
9732,1011,10743
4186,7448,11634
9395,8060,17455
3354,9464,12818
2184,3124,5308
1959,8020,9979
3680,2059,5739
2754,2567,5321
1438,9407,10845
5823,4759,10582
4770,4113,8883
9729,5634,15363
8843,601,9444
66,1309,1375
3219,281,3500
9285,4932,14217
5148,1512,6660
5556,378,5934
6757,3736,10493
6478,9106,15584
119,1488,1607
5594,6125,11719
3798,8005,11803
7032,8213,15245
9455,9727,19182
6701,2348,9049
1017,8472,9489
7545,9055,16600
8153,8046,16199
7837,6246,14083
5941,8746,14687
6903,4334,11237
3882,6947,10829
1080,3762,4842
2884,9157,12041
641,7078,7719
3979,1292,5271
8482,6458,14940
2209,3847,6056
6074,3265,9339
822,4761,5583
7859,1318,9177
7514,1574,9088
724,8896,9620
3798,99,3897
2609,3717,6326
2281,2566,4847
2559,1473,4032
4055,4548,8603
3708,6576,10284
4770,4944,9714
5779,9718,15497
9715,5018,14733
5637,9315,14952
1956,323,2279
7580,4584,12164
6760,2033,8793
7789,253,8042
493,9013,9506
6389,2745,9134
3376,1560,4936
5346,2129,7475
8379,8713,17092
2387,9358,11745
7428,3124,10552
7510,8526,16036
6746,7147,13893
7094,1593,8687
3115,4345,7460
8952,2811,11763
7896,9967,17863
1752,360,2112
4901,6508,11409
8696,1921,10617
1747,6623,8370
6161,7414,13575
8999,7710,16709
7286,7997,15283
4856,3135,7991
4356,911,5267
7913,9654,17567
8267,3644,11911
9828,6449,16277
8335,1369,9704
1242,5276,6518
3652,2399,6051
8836,9790,18626
5501,6113,11614
7440,1482,8922
3203,6443,9646
8108,7080,15188
10000,439,10439
2428,1754,4182
4702,2149,6851
1141,4762,5903
7560,625,8185
7195,2300,9495
9066,8516,17582
4566,923,5489
8241,7105,15346
3584,3841,7425
92,8145,8237
4519,9021,13540
5648,2149,7797
1474,4328,5802
2042,6645,8687
381,1416,1797
2444,1254,3698
2592,2175,4767
8730,8696,17426
580,3379,3959
903,9676,10579
3767,2394,6161
4741,6570,11311
3075,5107,8182
5877,535,6412
8341,7996,16337
7621,9553,17174
1338,5288,6626
8713,4634,13347
4169,1311,5480
989,899,1888
7747,2998,10745
7640,9490,17130
1796,991,2787
3019,9725,12744
5988,4489,10477
7198,8439,15637
3964,5953,9917
3134,5995,9129
5558,1160,6718
2418,5804,8222
5633,1062,6695
2208,5209,7417
6938,1886,8824
7934,2508,10442
4946,2641,7587
6668,8859,15527
8199,2535,10734
3851,6471,10322
2865,1214,4079
6195,1860,8055
3502,4587,8089
3352,8163,11515
8997,4134,13131
3396,8078,11474
7826,5741,13567
7481,1011,8492
9271,3468,12739
5613,5876,11489
4313,3797,8110
1468,3296,4764
8120,3490,11610
2790,927,3717
8269,3005,11274
3832,3725,7557
7963,9969,17932
9741,599,10340
2752,2728,5480
9785,4955,14740
8734,9596,18330
4848,6995,11843
9140,5277,14417
1005,6987,7992
9422,1467,10889
3998,3086,7084
9749,7968,17717
5848,8977,14825
9795,3530,13325
1312,9762,11074
3709,5575,9284
4559,7555,12114
4379,4,4383
1252,4272,5524
5050,292,5342
1502,2442,3944
7655,3012,10667
442,2834,3276
940,4438,5378
3336,2679,6015
1190,9947,11137
1439,7108,8547
1317,5802,7119
2278,7704,9982
7595,7970,15565
3616,1917,5533
3984,6126,10110
8556,4203,12759
1907,9523,11430
5451,4057,9508
670,8712,9382
5354,3795,9149
3317,3230,6547
5387,9235,14622
165,5634,5799
1685,3884,5569
1109,4611,5720
8647,9163,17810
7392,1810,9202
6747,9473,16220
4439,3688,8127
1010,8976,9986
4163,6319,10482
4224,676,4900
4206,4772,8978
6038,2262,8300
541,8513,9054
5506,4780,10286
7768,1651,9419
8698,2970,11668
1560,5056,6616
3072,3375,6447
148,205,353
9770,7117,16887
3608,8441,12049
3450,4065,7515
1809,1769,3578
4978,3,4981
9929,6037,15966
395,5493,5888
890,622,1512
1751,4964,6715
8747,2995,11742
5841,5169,11010
7035,2516,9551
2509,2863,5372
5107,1369,6476
980,1880,2860
440,7990,8430
541,7503,8044
5250,2768,8018
6334,9236,15570
5274,913,6187
4451,5786,10237
1552,9653,11205
6784,1280,8064
1588,6817,8405
1280,7477,8757
6747,3258,10005
8029,331,8360
3811,7341,11152
5687,636,6323
2908,4878,7786
4359,9132,13491
7892,7950,15842
2072,2890,4962
9943,7604,17547
4832,8396,13228
2326,8757,11083
1283,1009,2292
7980,8895,16875
3075,5300,8375
2225,6755,8980
9971,574,10545
6802,5440,12242
8077,2255,10332
6482,3122,9604
6214,7572,13786
2339,8537,10876
3014,3800,6814
6462,2391,8853
4169,319,4488
8948,9044,17992
7952,8045,15997
5306,5210,10516
300,341,641
550,1113,1663
8799,632,9431
4153,7646,11799
4982,9451,14433
8614,671,9285
5751,5487,11238
9979,4002,13981
3215,8089,11304
7855,4388,12243
7505,7906,15411
937,2558,3495
8518,7655,16173
6454,1212,7666
1130,5784,6914
8310,4085,12395
9089,4303,13392
9179,7445,16624
7837,8984,16821
8728,2257,10985
7767,5385,13152
3222,7479,10701
1868,8031,9899
8474,2788,11262
883,9302,10185
5694,2323,8017
9711,8243,17954
3440,2175,5615
6395,2782,9177
8579,3782,12361
2506,9631,12137
7221,802,8023
1833,8969,10802
1384,649,2033
3816,4426,8242
3897,5906,9803
3124,505,3629
5595,9852,15447
860,8929,9789
6135,4611,10746
3971,9790,13761
2030,1210,3240
2492,6233,8725
2612,9277,11889
4599,4146,8745
2318,4610,6928
2529,9817,12346
956,6042,6998
5681,7536,13217
4142,5420,9562
6070,4987,11057
962,6049,7011
6654,8379,15033
9605,8019,17624
916,548,1464
3046,6532,9578
4919,9180,14099
8657,7791,16448
718,3743,4461
2396,7046,9442
5954,9374,15328
4540,2798,7338
5417,2116,7533
657,6776,7433
126,304,430
2244,6777,9021
9934,8591,18525
4553,6772,11325
7417,6923,14340
2195,62,2257
1040,3853,4893
1365,7335,8700
3459,9642,13101
9660,3880,13540
9906,8067,17973
9606,5390,14996
5009,9019,14028
7233,8566,15799
9487,982,10469
8765,439,9204
8386,123,8509
5290,424,5714
1703,3540,5243
4834,5388,10222
3859,7544,11403
8855,1555,10410
4348,660,5008
4269,6868,11137
6036,7180,13216
8430,6776,15206
869,7709,8578
4664,3781,8445
5161,3928,9089
7199,3106,10305
4366,2624,6990
7718,321,8039
771,8219,8990
3129,8546,11675
5843,7619,13462
4890,2303,7193
8792,6426,15218
7679,2605,10284
2275,364,2639
3845,1390,5235
9232,7510,16742
3820,6612,10432
5283,6797,12080
4705,3611,8316
8955,4194,13149
8720,4467,13187
3893,7128,11021
5491,1822,7313
7980,9933,17913
7000,1552,8552
9414,9587,19001
3319,9263,12582
6697,3245,9942
3341,1567,4908
2081,6192,8273
3399,1785,5184
5552,829,6381
6467,9081,15548
1213,1966,3179
7066,4927,11993
6460,6926,13386
9642,1349,10991
8783,8841,17624
6161,8959,15120
1134,7586,8720
8224,6909,15133
1476,1433,2909
5250,6697,11947
679,818,1497
3283,82,3365
9184,8312,17496
9998,5982,15980
4462,2108,6570
6611,1551,8162
8938,2300,11238
9008,8344,17352
9809,6164,15973
8062,2631,10693
7040,3880,10920
4693,9889,14582
4266,9333,13599
9961,2182,12143
4021,4823,8844
5183,4640,9823
5871,6836,12707
3857,5124,8981
16,6254,6270
8144,7041,15185
5255,3397,8652
6523,5825,12348
5938,4658,10596
7606,893,8499
1123,6824,7947
700,3721,4421
9565,8838,18403
9737,8962,18699
7718,3051,10769
3093,5304,8397
2507,7114,9621
3592,2788,6380
7511,7937,15448
1190,4562,5752
9640,7418,17058
5206,1686,6892
7912,1423,9335
2931,4356,7287
3319,8717,12036
7269,6463,13732
5047,1544,6591
4863,5464,10327
9622,8012,17634
6749,578,7327
992,4535,5527
1142,2861,4003
3515,5884,9399
6567,7943,14510
1115,4698,5813
5495,6568,12063
6651,294,6945
824,9074,9898
2147,3091,5238
7428,6200,13628
6098,4090,10188
838,4596,5434
5851,7564,13415
8818,6168,14986
3925,762,4687
9586,1837,11423
3960,5276,9236
5045,7418,12463
2846,9564,12410
6277,2431,8708
3539,8841,12380
8652,8704,17356
1747,2295,4042
7271,3852,11123
8662,62,8724
4678,2451,7129
9901,7920,17821
3108,8268,11376
8653,5965,14618
7933,9445,17378
6622,8994,15616
5755,9426,15181
447,2756,3203
6383,4019,10402
5653,4297,9950
8171,8771,16942
3380,7712,11092
7864,4361,12225
8923,1806,10729
7081,5111,12192
6660,1734,8394
7863,771,8634
2876,6547,9423
4630,1694,6324
3809,2110,5919
198,9591,9789
6513,5252,11765
2296,2270,4566
898,6049,6947
8268,4638,12906
8211,9071,17282
4067,2145,6212
3507,4882,8389
9858,3738,13596
9692,6601,16293
9839,5276,15115
8296,2668,10964
1130,737,1867
9985,1968,11953
3817,9637,13454
3007,8387,11394
9721,2154,11875
7476,6246,13722
596,3688,4284
4706,4872,9578
3940,7594,11534
3290,5802,9092
4203,3191,7394
8909,7552,16461
3375,5475,8850
2631,5548,8179
2350,9878,12228
8895,6394,15289
3374,1572,4946
4865,5043,9908
5648,590,6238
2621,9327,11948
9879,123,10002
2440,2247,4687
1751,5239,6990
9575,4456,14031
2084,2628,4712
3488,4262,7750
3418,8628,12046
3906,211,4117
8520,956,9476
2365,6906,9271
7908,3902,11810
5756,890,6646
529,4365,4894
1913,3069,4982
7686,3336,11022
4111,6041,10152
8595,2842,11437
272,9580,9852
4093,2168,6261
2277,475,2752
2942,4867,7809
4521,8615,13136
876,2042,2918
1502,689,2191
2462,2902,5364
5646,2293,7939
3612,6247,9859
7220,5078,12298
2581,8252,10833
3464,3013,6477
9431,5434,14865
6688,7320,14008
8152,762,8914
4789,5687,10476
2835,2581,5416
7068,420,7488
9426,3659,13085
4445,191,4636
1888,1460,3348
6170,1997,8167
3405,5929,9334
5166,6422,11588
8709,574,9283
9854,4363,14217
7969,5607,13576
9136,7196,16332
1367,2389,3756
5537,1312,6849
79,7132,7211
603,3711,4314
7327,7666,14993
8200,8097,16297
8807,2172,10979
1091,8092,9183
4754,1720,6474
9408,4314,13722
4187,9350,13537
3629,1906,5535
5393,2406,7799
1230,9980,11210
9176,4614,13790
1487,4715,6202
7046,1508,8554
9114,6568,15682
4479,6622,11101
9927,5230,15157
6744,692,7436
218,2994,3212
9972,9329,19301
1787,8145,9932
5193,9972,15165
4799,8551,13350
4823,730,5553
8657,4115,12772
2270,2671,4941
7961,4836,12797
1065,1006,2071
5635,5145,10780
2431,498,2929
4753,8161,12914
3944,8062,12006
7032,6537,13569
1094,2971,4065
8594,7001,15595
407,2919,3326
6560,1080,7640
2722,3806,6528
1321,1211,2532
4235,9319,13554
3009,6391,9400
68,3628,3696
9024,6628,15652
740,9198,9938
9648,695,10343
6899,9034,15933
776,3778,4554
7576,6610,14186
6985,2721,9706
8854,3719,12573
8365,2370,10735
4052,6823,10875
7378,8339,15717
7409,1772,9181
6759,9003,15762
983,3965,4948
9199,4474,13673
3015,4117,7132
7728,9087,16815
7531,4148,11679
7390,5698,13088
7053,3524,10577
8290,4441,12731
2338,2176,4514
8242,7452,15694
4507,5511,10018
3637,1550,5187
6533,5189,11722
1175,4685,5860
1702,8645,10347
4175,7683,11858
4027,3286,7313
1889,6190,8079
1444,354,1798
1418,8405,9823
3037,6502,9539
4349,2207,6556
9070,5657,14727
4474,3899,8373
463,4698,5161
1912,2111,4023
6568,6136,12704
4922,6166,11088
8457,626,9083
5993,7653,13646
380,635,1015
7378,2409,9787
405,231,636
7328,3262,10590
4609,5822,10431
356,9848,10204
3659,8441,12100
1651,4471,6122
9095,619,9714
8899,7867,16766
162,7132,7294
7965,7236,15201
3212,3250,6462
3854,4319,8173
4269,3435,7704
7025,1857,8882
8782,2673,11455
4389,5273,9662
1934,1887,3821
2370,3495,5865
1595,8427,10022
8611,2811,11422
2403,7826,10229
7477,5282,12759
5006,7509,12515
1289,2025,3314
2812,8338,11150
8564,2680,11244
7147,2512,9659
1201,7657,8858
196,1383,1579
2586,4843,7429
7887,5895,13782
6930,6151,13081
12,8342,8354
1636,954,2590
3728,1395,5123
3363,5508,8871
3256,9014,12270
8177,4598,12775
6270,7264,13534
2857,9804,12661
6515,1830,8345
1880,1252,3132
6186,1384,7570
5737,6486,12223
1620,4772,6392
4375,7097,11472
6854,6981,13835
8483,7964,16447
4911,2778,7689
3191,6612,9803
1770,4317,6087
555,9591,10146
7881,2866,10747
5967,11,5978
7147,630,7777
8350,2791,11141
2145,3269,5414
6869,5285,12154
6965,3843,10808
7847,7187,15034
5999,990,6989
5632,6732,12364
8549,9501,18050
5710,7279,12989
178,7384,7562
1888,3957,5845
4605,9620,14225
5535,3986,9521
3442,5773,9215
4697,6029,10726
9366,6130,15496
175,5695,5870
9096,8970,18066
4397,605,5002
5306,3195,8501
7827,5800,13627
9839,410,10249
4149,2340,6489
5569,1659,7228
2701,5072,7773
8700,3230,11930
8095,7319,15414
3568,3214,6782
3559,3397,6956
4022,8994,13016
7001,7658,14659
6884,1343,8227
5297,4635,9932
6943,772,7715
4182,9706,13888
8347,2137,10484
3042,5191,8233
3795,9369,13164
3685,8543,12228
7751,5647,13398
2676,6714,9390
823,2841,3664
1340,9607,10947
2670,9598,12268
5777,1420,7197
3494,4994,8488
6230,2620,8850
5213,8396,13609
4845,6863,11708
7557,8247,15804
8751,1005,9756
8116,6903,15019
8912,6137,15049
5368,4828,10196
8782,2831,11613
1174,508,1682
9892,6759,16651
3310,1580,4890
200,7378,7578
4056,5567,9623
7231,5447,12678
8650,9557,18207
1401,9440,10841
7911,4443,12354
1438,5551,6989
2264,402,2666
7239,6587,13826
9005,5237,14242
9315,4378,13693
5597,5,5602
5815,9884,15699
8292,6914,15206
2737,4163,6900
5593,3480,9073
9790,8300,18090
4162,2630,6792
7905,3316,11221
9852,2953,12805
1049,8990,10039
4146,3664,7810
3994,3597,7591
1398,8362,9760
8696,3406,12102
262,1134,1396
3505,9826,13331
1630,6572,8202
4103,3516,7619
726,59,785
3049,6188,9237
9619,746,10365
5725,7467,13192
9432,9789,19221
7523,505,8028
8219,3916,12135
4458,3110,7568
4049,5325,9374
3651,8887,12538
5782,7768,13550
6322,106,6428
5865,3944,9809
1340,4440,5780
8719,4358,13077
3924,6583,10507
2096,2054,4150
2890,5047,7937
2201,3704,5905
5251,1404,6655
1440,249,1689
2519,4439,6958
4085,8696,12781
1634,4108,5742
2827,9699,12526
2231,8168,10399
8784,8895,17679
6844,3755,10599
2527,9064,11591
1021,7451,8472
8849,2307,11156
9964,1510,11474
9272,7066,16338
8983,6604,15587
5974,776,6750
741,2695,3436
4462,3782,8244
8353,6208,14561
8151,45,8196
5461,1660,7121
2570,447,3017
4355,899,5254
9516,11,9527
2394,361,2755
5783,6326,12109
7033,3314,10347
4610,6216,10826
612,3903,4515
7924,8379,16303
9786,1371,11157
3657,2450,6107
1065,282,1347
7193,5372,12565
8973,671,9644
9933,9017,18950
7114,2093,9207
8987,346,9333
4459,5337,9796
6440,5638,12078
7514,5898,13412
8677,8419,17096
4814,6471,11285
1824,164,1988
112,8241,8353
7435,7724,15159
3915,6747,10662
7371,6191,13562
8617,7099,15716
2251,142,2393
5169,9175,14344
136,4454,4590
5722,2166,7888
9687,2097,11784
8234,7048,15282
2357,4598,6955
759,2089,2848
3723,6371,10094
9996,5301,15297
3464,3939,7403
8372,9785,18157
574,2039,2613
5898,2194,8092
7541,226,7767
7041,3933,10974
4569,4172,8741
988,2591,3579
6069,2334,8403
2356,7914,10270
6866,4417,11283
7187,2757,9944
2400,3471,5871
6110,7022,13132
1951,35,1986
3934,1071,5005
3342,2332,5674
1390,6921,8311
9174,4610,13784
222,9270,9492
9410,3342,12752
4219,9781,14000
6920,6719,13639
1978,8500,10478
1636,3836,5472
2041,6171,8212
6623,257,6880
6995,2159,9154
8423,4078,12501
4973,1978,6951
8952,1960,10912
9453,455,9908
7167,6591,13758
3974,6488,10462
7358,2250,9608
9239,9911,19150
6292,6441,12733
2590,4366,6956
2356,2445,4801
9180,1623,10803
2693,7532,10225
4371,4035,8406
3110,7485,10595
8425,3794,12219
4190,1861,6051
4213,1063,5276
6018,3710,9728
2314,124,2438
4194,811,5005
3785,7031,10816
3594,3034,6628
6975,9199,16174
1834,4383,6217
2544,1082,3626
671,6896,7567
5038,415,5453
8583,7634,16217
4561,5314,9875
1421,504,1925
2101,890,2991
8740,3930,12670
1748,3659,5407
6074,235,6309
3172,6149,9321
7821,725,8546
1048,4744,5792
3770,6294,10064
1913,9168,11081
5621,5761,11382
1243,2919,4162
5868,6247,12115
728,119,847
6028,8678,14706
6596,4569,11165
4335,5231,9566
2159,2286,4445
4380,37,4417
9825,6965,16790
7480,1886,9366
8771,4969,13740
8885,9063,17948
2840,7585,10425
4290,9514,13804
416,9364,9780
6345,6187,12532
5704,7903,13607
7502,9919,17421
5908,8670,14578
2557,1812,4369
3362,634,3996
1313,7164,8477
6723,1300,8023
7149,3116,10265
4936,4446,9382
4923,4380,9303
728,9232,9960
6427,2627,9054
7742,8849,16591
6781,3760,10541
9085,5041,14126
2491,7976,10467
6002,8947,14949
4381,3837,8218
2222,5392,7614
5372,1937,7309
1799,6025,7824
5831,3701,9532
8986,2610,11596
9574,8064,17638
4534,7767,12301
9496,473,9969
4371,5237,9608
4595,8259,12854
1165,9574,10739
170,9951,10121
6366,7772,14138
4107,1809,5916
3626,4942,8568
6768,3237,10005
6830,9182,16012
