1329,4649,5978
2544,6781,9325
1655,1636,3291
5686,653,6339
9887,2200,12087
8511,8535,17046
7965,8611,16576
8491,6920,15411
7443,2317,9760
5449,7971,13420
1854,9265,11119
6997,9822,16819
645,7874,8519
6791,9115,15906
5376,9814,15190
2928,2177,5105
1381,4214,5595
6546,4698,11244
9072,2496,11568
5071,484,5555
2818,3355,6173
1169,2066,3235
7274,1061,8335
7847,9915,17762
8519,5313,13832
9414,4004,13418
7105,5545,12650
7443,5937,13380
7889,7507,15396
6393,6290,12683
8438,6326,14764
1141,6624,7765
9262,9735,18997
1432,6748,8180
2055,7301,9356
3546,2880,6426
1259,5117,6376
943,9156,10099
3310,915,4225
2684,7025,9709
5415,2311,7726
3830,5215,9045
113,9214,9327
6115,8963,15078
1545,1485,3030
7191,5814,13005
1789,1548,3337
6392,4322,10714
5836,7465,13301
7262,8419,15681
2379,5316,7695
5505,8630,14135
8717,7169,15886
44,8594,8638
9433,696,10129
7182,8683,15865
7036,8790,15826
7001,750,7751
132,3481,3613
9819,9135,18954
4652,2236,6888
4465,5640,10105
1310,9711,11021
3965,8602,12567
3666,847,4513
574,6966,7540
9890,4930,14820
3184,89,3273
9251,6460,15711
9572,6313,15885
9937,804,10741
6062,5822,11884
8359,6107,14466
507,7497,8004
1255,494,1749
8098,3783,11881
8573,9587,18160
8447,5716,14163
7671,5253,12924
7168,9421,16589
5203,1635,6838
6199,7596,13795
6486,2015,8501
2469,6798,9267
4934,4234,9168
2176,233,2409
2966,3777,6743
3662,2627,6289
3249,5800,9049
5475,8299,13774
7202,8152,15354
5250,4714,9964
9980,8749,18729
7849,3084,10933
5,5517,5522
273,7540,7813
6938,5123,12061
5586,2312,7898
1224,4009,5233
2544,8419,10963
8937,8498,17435
6102,522,6624
9874,9611,19485
7640,3946,11586
4921,6470,11391
3159,5826,8985
7184,9581,16765
9895,6276,16171
1634,6557,8191
5467,2699,8166
8713,4239,12952
8731,8770,17501
4125,353,4478
4797,7032,11829
8877,5833,14710
7790,1314,9104
8800,5947,14747
5899,5554,11453
8404,9131,17535
5341,406,5747
924,234,1158
8210,6897,15107
1139,6272,7411
4508,8283,12791
8581,8811,17392
7239,9152,16391
6267,1356,7623
9467,1464,10931
2656,472,3128
5483,6272,11755
1579,2341,3920
7064,3382,10446
3935,6925,10860
2782,3957,6739
119,2666,2785
9142,7528,16670
6726,8983,15709
1499,8953,10452
95,7431,7526
9478,7384,16862
1452,3414,4866
3515,7717,11232
6705,547,7252
4312,3909,8221
8427,1259,9686
6796,8910,15706
190,6255,6445
7627,3709,11336
2345,5030,7375
7474,7417,14891
8298,8525,16823
8581,1347,9928
2406,6919,9325
1215,8992,10207
8237,7626,15863
2887,3614,6501
3475,6797,10272
3721,6566,10287
1236,5364,6600
1480,6126,7606
1943,4230,6173
9081,4140,13221
8007,9312,17319
1986,8763,10749
2287,9309,11596
5009,2726,7735
5723,444,6167
6487,701,7188
4686,6214,10900
5299,9842,15141
6072,929,7001
6260,4529,10789
8787,986,9773
9945,927,10872
3962,4265,8227
9983,4468,14451
3114,3928,7042
2324,4643,6967
5542,2724,8266
4910,8902,13812
6082,574,6656
7960,7759,15719
8374,9779,18153
8116,5674,13790
6596,954,7550
5633,8061,13694
4869,7348,12217
4956,5720,10676
7855,5272,13127
6674,7344,14018
224,4658,4882
6975,7695,14670
7795,334,8129
141,6142,6283
4187,1051,5238
9588,531,10119
8610,3626,12236
6092,8191,14283
3379,4619,7998
2926,2655,5581
5271,1798,7069
3929,8650,12579
8781,6014,14795
7628,7419,15047
7260,3451,10711
2784,2579,5363
316,9420,9736
8049,2228,10277
7733,355,8088
751,178,929
7234,123,7357
3215,2957,6172
8465,2144,10609
5481,6890,12371
47,9156,9203
3196,7790,10986
6963,4441,11404
6038,1208,7246
816,6423,7239
1907,8051,9958
4004,6805,10809
6050,3679,9729
4158,9440,13598
1813,3666,5479
1935,5933,7868
5901,8167,14068
7216,3573,10789
9797,4488,14285
5511,4277,9788
2220,5693,7913
5560,5432,10992
7711,8648,16359
8191,5273,13464
9659,4504,14163
3825,1009,4834
8860,7919,16779
8552,9254,17806
6781,9682,16463
4406,7755,12161
8881,98,8979
4409,5570,9979
6751,6102,12853
8918,2797,11715
8364,8243,16607
6521,5770,12291
5658,3418,9076
702,1725,2427
8582,9548,18130
2326,1959,4285
2887,5676,8563
3575,5144,8719
1950,8700,10650
169,2917,3086
2282,5860,8142
3568,4721,8289
891,5214,6105
2028,8236,10264
926,3860,4786
7779,5195,12974
8986,5475,14461
272,7558,7830
5362,5805,11167
6002,9602,15604
430,65,495
4798,1855,6653
8516,5180,13696
1396,1903,3299
7227,1800,9027
5969,7706,13675
484,3916,4400
9841,1868,11709
1895,9943,11838
5740,1109,6849
9035,5487,14522
8824,6841,15665
8969,7819,16788
9207,1750,10957
9776,117,9893
9552,9366,18918
8485,6515,15000
9899,6786,16685
105,7042,7147
7124,737,7861
3350,2460,5810
1496,370,1866
2172,6687,8859
7050,8390,15440
9397,2529,11926
9171,4257,13428
6802,3152,9954
4778,7079,11857
7360,5628,12988
5879,8260,14139
5708,9918,15626
4924,4587,9511
3087,5997,9084
8968,505,9473
5241,6330,11571
954,9377,10331
4557,1320,5877
6248,2483,8731
9577,5324,14901
7296,4162,11458
1490,6891,8381
5257,1772,7029
419,2751,3170
5532,2062,7594
1728,7914,9642
4911,3805,8716
9403,1988,11391
4023,5155,9178
2802,7876,10678
3036,3866,6902
3447,5450,8897
7215,4520,11735
3372,8232,11604
8112,6462,14574
2596,7867,10463
2155,6296,8451
9480,3721,13201
8432,8733,17165
8309,8235,16544
3077,9416,12493
9934,1740,11674
7939,9699,17638
7711,4609,12320
9280,4544,13824
2727,7655,10382
8904,1390,10294
8315,5956,14271
8630,7791,16421
8960,7510,16470
5284,303,5587
447,6428,6875
6891,8920,15811
3051,2559,5610
6409,6375,12784
7138,8635,15773
4419,9103,13522
2695,5981,8676
9441,5528,14969
8354,2319,10673
4512,3553,8065
1660,71,1731
1190,5209,6399
8258,7508,15766
8579,8888,17467
5600,1431,7031
9050,858,9908
6838,4293,11131
5103,5777,10880
5237,7013,12250
893,8802,9695
1662,678,2340
9032,1240,10272
8782,6008,14790
1713,1811,3524
5326,4997,10323
5652,8776,14428
4605,4900,9505
1743,3852,5595
4355,3322,7677
9401,54,9455
7516,1696,9212
1624,4916,6540
704,6350,7054
8887,647,9534
2635,505,3140
5982,9284,15266
4884,1717,6601
2725,1963,4688
9231,869,10100
2842,878,3720
9979,1098,11077
385,7924,8309
9724,6768,16492
7285,5670,12955
2331,4404,6735
5949,4901,10850
5277,7300,12577
6275,2185,8460
1785,6742,8527
9867,2754,12621
5194,4063,9257
887,10,897
5045,8073,13118
3965,5966,9931
3299,9378,12677
4831,7384,12215
4840,3883,8723
3843,1846,5689
1864,192,2056
5725,2,5727
4485,3836,8321
1284,4413,5697
6503,6310,12813
4178,2264,6442
3608,322,3930
6493,6105,12598
1499,9802,11301
8844,2619,11463
9758,9659,19417
9247,2212,11459
899,1443,2342
1193,2730,3923
8169,7874,16043
397,9652,10049
6885,3441,10326
5351,8093,13444
4346,3609,7955
686,5040,5726
3765,5002,8767
9286,3395,12681
9995,3354,13349
4055,6500,10555
3913,5615,9528
8240,6108,14348
8452,5405,13857
3233,8422,11655
9167,3944,13111
3198,8509,11707
7755,26,7781
7970,7100,15070
3427,7604,11031
7002,6103,13105
7577,5583,13160
72,4016,4088
8967,2650,11617
3335,155,3490
9776,72,9848
1213,4181,5394
5235,1999,7234
3085,7595,10680
6281,8788,15069
4842,5541,10383
5631,3010,8641
5087,7436,12523
2270,8847,11117
3962,6431,10393
5473,2031,7504
8542,4178,12720
2274,3567,5841
8676,9730,18406
4135,2436,6571
2336,4918,7254
7846,1122,8968
4600,8559,13159
1595,413,2008
5808,2203,8011
4840,6931,11771
8359,1118,9477
7062,32,7094
1504,3728,5232
8109,8809,16918
6271,5991,12262
427,1551,1978
6288,7734,14022
5786,743,6529
3199,9382,12581
831,2122,2953
730,7346,8076
5216,2298,7514
7109,2080,9189
1073,728,1801
5456,567,6023
3111,9816,12927
4316,1188,5504
5902,8577,14479
7312,6587,13899
3662,6453,10115
6856,1053,7909
4403,6828,11231
6599,5093,11692
2308,8554,10862
589,9555,10144
1087,4842,5929
5836,296,6132
9806,9977,19783
7130,6141,13271
3791,326,4117
2063,1826,3889
7202,2041,9243
5253,6501,11754
401,5270,5671
3952,7269,11221
6048,3178,9226
331,4499,4830
8522,4999,13521
3330,6441,9771
7120,8100,15220
1683,3687,5370
2913,8193,11106
2092,5403,7495
8986,6434,15420
4206,7868,12074
5069,9250,14319
4038,1351,5389
560,5986,6546
1576,3591,5167
9075,5054,14129
2865,5696,8561
8541,9318,17859
9617,675,10292
556,2528,3084
9754,3023,12777
8461,3674,12135
3771,457,4228
3530,563,4093
4747,6517,11264
9824,3786,13610
5297,4011,9308
5000,693,5693
4804,139,4943
5711,4312,10023
4155,3418,7573
6588,2399,8987
3283,837,4120
7304,413,7717
8716,2819,11535
4041,5698,9739
8020,9173,17193
5384,3154,8538
6768,9730,16498
937,9905,10842
9686,3724,13410
7051,9581,16632
760,7784,8544
7523,8851,16374
7636,8796,16432
6995,2959,9954
5761,8755,14516
962,8420,9382
2798,5391,8189
4473,7998,12471
8363,88,8451
4868,216,5084
9250,1518,10768
5279,1985,7264
3696,4034,7730
5236,9380,14616
7477,9880,17357
6232,2985,9217
7233,7399,14632
5955,3063,9018
3827,7617,11444
603,7630,8233
1200,8460,9660
2199,8110,10309
2286,2739,5025
4907,4115,9022
1956,8999,10955
9822,2651,12473
5339,4672,10011
4118,2791,6909
4349,9567,13916
6022,7182,13204
5642,1437,7079
3937,8668,12605
8050,7299,15349
5834,2136,7970
1348,3888,5236
5097,1200,6297
7434,8690,16124
5855,6725,12580
4954,1790,6744
2057,7276,9333
894,2318,3212
4313,4913,9226
7265,8856,16121
7408,5902,13310
4094,5910,10004
1724,7841,9565
3592,4478,8070
8014,1883,9897
5925,9722,15647
4440,4925,9365
4799,3385,8184
8506,6655,15161
3378,3090,6468
7527,2062,9589
3,4988,4991
5620,4031,9651
5479,9487,14966
4353,236,4589
2108,2337,4445
5097,2221,7318
7249,3610,10859
2702,3683,6385
7422,9780,17202
7109,3082,10191
5849,8256,14105
9537,8764,18301
5896,6941,12837
2591,8630,11221
8637,6231,14868
8538,9326,17864
7042,2271,9313
485,2985,3470
6441,7954,14395
1259,6327,7586
1958,2856,4814
7175,6860,14035
4618,1258,5876
4538,9911,14449
8790,413,9203
1039,4007,5046
9601,1727,11328
6441,3429,9870
7902,4626,12528
8504,7548,16052
7078,9764,16842
2979,1408,4387
9598,3511,13109
6283,4294,10577
2671,7500,10171
1438,502,1940
6273,9199,15472
2419,8853,11272
3179,7813,10992
7394,2379,9773
7337,4495,11832
4927,5468,10395
7443,6744,14187
6065,1248,7313
382,1530,1912
9337,6692,16029
6842,780,7622
8812,8685,17497
7367,2315,9682
2331,3804,6135
6803,9515,16318
9062,7465,16527
6814,8686,15500
4104,7224,11328
5575,6671,12246
7929,1293,9222
452,945,1397
1237,1611,2848
7065,6129,13194
4537,2179,6716
3443,5490,8933
7282,6813,14095
3771,9254,13025
2288,3266,5554
949,2638,3587
4972,6223,11195
6865,401,7266
4019,5351,9370
6865,6948,13813
4567,4803,9370
5679,2521,8200
3873,7371,11244
9760,4552,14312
5123,1476,6599
401,7570,7971
8683,1908,10591
8599,3339,11938
4225,3833,8058
6560,1154,7714
3558,3513,7071
7819,9272,17091
3867,4404,8271
5726,2309,8035
1274,9779,11053
1595,9952,11547
1647,8160,9807
4967,4955,9922
4504,155,4659
5028,2622,7650
2402,1875,4277
1346,8527,9873
7274,8043,15317
9186,8603,17789
3370,1876,5246
5477,5028,10505
5465,6199,11664
7848,4735,12583
9263,4419,13682
3030,2780,5810
3453,6545,9998
2608,801,3409
718,4675,5393
9111,6259,15370
3577,8068,11645
1737,4273,6010
8410,4848,13258
8009,9660,17669
3914,3494,7408
9281,1140,10421
8227,8623,16850
2823,3569,6392
2602,1801,4403
2288,3595,5883
2157,2323,4480
4313,1192,5505
407,825,1232
4939,805,5744
8175,8607,16782
4591,770,5361
7403,5858,13261
3480,8852,12332
6113,5382,11495
7754,4567,12321
2496,3974,6470
2834,1411,4245
9045,9967,19012
5367,3653,9020
2008,5550,7558
5523,8854,14377
4237,882,5119
1587,7701,9288
8991,673,9664
5624,3456,9080
1621,8749,10370
616,6285,6901
421,9845,10266
9603,6368,15971
8810,3641,12451
2198,8020,10218
829,2725,3554
4198,479,4677
9381,6839,16220
1634,6202,7836
8748,1419,10167
9014,2407,11421
5935,8020,13955
364,3372,3736
7844,9245,17089
8815,3423,12238
1674,5713,7387
9706,941,10647
5426,5530,10956
3774,3203,6977
2039,6447,8486
9450,9558,19008
8376,2579,10955
9781,7909,17690
4619,7080,11699
5894,4374,10268
5063,723,5786
4143,489,4632
7412,1602,9014
981,8365,9346
8735,8935,17670
3025,105,3130
5278,8565,13843
5836,1189,7025
2631,5357,7988
3279,7534,10813
3724,6807,10531
6005,8678,14683
6542,2854,9396
4224,2104,6328
3888,7478,11366
3568,6209,9777
9717,8541,18258
8457,704,9161
8527,4440,12967
8484,885,9369
7931,2445,10376
9168,8803,17971
5540,3878,9418
6627,4729,11356
2934,2487,5421
6364,3258,9622
4587,830,5417
4282,5720,10002
7350,5472,12822
2222,3444,5666
7686,1431,9117
4795,830,5625
6766,7933,14699
7559,9572,17131
3869,7511,11380
3493,9564,13057
5467,8528,13995
9710,7768,17478
8497,2738,11235
1922,1638,3560
2575,6019,8594
6961,2150,9111
1054,4764,5818
4230,4166,8396
1090,8898,9988
1829,6298,8127
4800,162,4962
9094,2745,11839
87,5522,5609
9752,6920,16672
2365,2712,5077
5366,746,6112
7011,4045,11056
6483,8990,15473
2467,3236,5703
6666,7816,14482
1782,2073,3855
684,588,1272
5588,3420,9008
1137,6309,7446
3459,9982,13441
2120,7212,9332
9260,4982,14242
1784,5878,7662
9617,9281,18898
5537,6422,11959
3160,6472,9632
3728,7301,11029
5510,3762,9272
3916,9738,13654
6351,4813,11164
4777,9924,14701
7678,9232,16910
2538,6199,8737
1092,407,1499
9012,9950,18962
5658,4410,10068
6575,7147,13722
5887,7363,13250
6489,5206,11695
490,861,1351
4467,7862,12329
1510,4908,6418
8773,3621,12394
5325,8197,13522
6545,5615,12160
9630,3107,12737
1505,393,1898
7950,6838,14788
5695,4077,9772
3654,5814,9468
1728,9719,11447
5976,48,6024
4224,8489,12713
8612,1973,10585
6389,516,6905
4258,3862,8120
4283,2535,6818
3730,4660,8390
5409,5961,11370
5685,8994,14679
3974,3166,7140
9404,1926,11330
7094,4001,11095
6623,6477,13100
1572,4194,5766
2463,9817,12280
5334,8997,14331
8240,6397,14637
6793,8734,15527
6548,5870,12418
9456,5071,14527
9044,9391,18435
10,5373,5383
1623,6742,8365
1264,7588,8852
8804,7050,15854
2291,9921,12212
3620,815,4435
5252,956,6208
4669,6202,10871
6352,9393,15745
5135,8536,13671
5744,5997,11741
409,5001,5410
840,625,1465
2345,4619,6964
1930,6826,8756
6127,2945,9072
741,2509,3250
3088,8181,11269
63,3905,3968
552,3664,4216
8194,4909,13103
7358,14,7372
6483,5203,11686
7952,9232,17184
3174,4584,7758
8550,3118,11668
2513,8763,11276
2781,6095,8876
1474,9434,10908
2542,2317,4859
2779,3125,5904
1317,5561,6878
360,2944,3304
3167,2721,5888
7901,1793,9694
573,1841,2414
4057,8309,12366
1045,9766,10811
9156,633,9789
8791,4849,13640
274,3840,4114
1163,5286,6449
826,7818,8644
1709,8141,9850
4655,9595,14250
4521,4449,8970
1770,5324,7094
954,7081,8035
3074,9547,12621
1742,8092,9834
5380,5861,11241
9056,7320,16376
3907,786,4693
7101,7263,14364
25,8474,8499
1093,8641,9734
6174,357,6531
2725,899,3624
6337,9720,16057
7926,4023,11949
1266,547,1813
7086,3172,10258
5472,6346,11818
2337,3929,6266
5062,831,5893
1051,2801,3852
1662,5120,6782
5696,2759,8455
114,1164,1278
2159,9219,11378
8685,7301,15986
883,8740,9623
3512,7873,11385
9658,4313,13971
4665,9388,14053
286,1035,1321
4128,5798,9926
4048,4154,8202
2602,575,3177
7340,6917,14257
6028,6553,12581
8844,1921,10765
5040,7042,12082
1977,5262,7239
7686,5227,12913
2574,4258,6832
9315,3281,12596
3813,9319,13132
477,3787,4264
536,4395,4931
7302,7726,15028
5522,4239,9761
7849,7986,15835
5002,9350,14352
5065,1225,6290
118,5812,5930
3347,846,4193
5467,9660,15127
9601,2188,11789
3216,6148,9364
8628,6638,15266
2269,3155,5424
6464,8327,14791
1383,3689,5072
2476,1544,4020
9425,7926,17351
3395,2762,6157
2152,1015,3167
5582,4634,10216
9246,9634,18880
8186,9091,17277
7509,1039,8548
5986,3399,9385
2209,1623,3832
9749,7874,17623
9088,9820,18908
4449,3924,8373
9120,7220,16340
966,6289,7255
9977,4765,14742
8301,4668,12969
3200,7149,10349
7792,395,8187
4355,3310,7665
1340,9703,11043
2696,8463,11159
883,3382,4265
3936,7077,11013
4449,121,4570
96,4655,4751
7253,1773,9026
7876,8066,15942
2768,3566,6334
8869,6254,15123
1125,4519,5644
8117,8082,16199
2914,661,3575
5283,6205,11488
8459,8830,17289
5252,353,5605
1739,4100,5839
1064,1718,2782
5382,6121,11503
7510,4873,12383
6538,499,7037
4744,3490,8234
8178,7940,16118
9382,7003,16385
6237,8669,14906
2736,426,3162
3035,9932,12967
1842,6152,7994
180,5205,5385
5111,9372,14483
4833,5800,10633
7942,4798,12740
1871,9165,11036
9814,1982,11796
4259,2905,7164
789,3809,4598
6781,1288,8069
4804,4443,9247
9138,9263,18401
5720,9321,15041
2666,5631,8297
1867,7810,9677
5510,190,5700
9856,7765,17621
2679,8423,11102
2880,6436,9316
1864,1767,3631
247,1260,1507
6505,6486,12991
4909,5784,10693
368,2125,2493
3803,9917,13720
4870,9467,14337
5032,1596,6628
164,5140,5304
5683,2516,8199
5291,7068,12359
5054,2395,7449
6357,2954,9311
499,2520,3019
6795,6695,13490
4040,7582,11622
4215,7514,11729
46,9541,9587
4541,2465,7006
3181,9504,12685
9528,6435,15963
4522,5366,9888
4397,7856,12253
7071,464,7535
4619,3524,8143
7677,7016,14693
4375,1995,6370
4892,7237,12129
7380,2057,9437
8417,6312,14729
9414,4789,14203
8470,5975,14445
856,9927,10783
5671,3059,8730
9760,1506,11266
2325,5411,7736
4933,3667,8600
8922,7614,16536
1892,576,2468
5677,890,6567
6363,9855,16218
1994,4393,6387
8682,8018,16700
1741,6931,8672
1129,2985,4114
4760,3276,8036
4697,5350,10047
4219,7387,11606
9553,7033,16586
7648,9432,17080
4559,5776,10335
6106,8653,14759
614,4036,4650
5056,6087,11143
8175,9645,17820
2740,7530,10270
7668,9341,17009
5983,9114,15097
8703,6475,15178
355,1067,1422
9792,8383,18175
2837,1368,4205
4684,3376,8060
2412,9309,11721
9707,7392,17099
3029,4025,7054
3136,6350,9486
883,5511,6394
3970,7939,11909
6056,3042,9098
3712,3793,7505
328,358,686
4281,1884,6165
1939,3893,5832
5953,6313,12266
4527,5672,10199
7214,3927,11141
5204,724,5928
9018,1103,10121
450,4612,5062
5360,1850,7210
5408,4690,10098
2803,7038,9841
9653,4459,14112
6045,5879,11924
6274,9368,15642
8210,4260,12470
3381,426,3807
5961,1077,7038
1648,3342,4990
6972,2662,9634
8445,6572,15017
543,1449,1992
3696,4997,8693
6183,8794,14977
9341,398,9739
3641,2276,5917
8839,344,9183
575,362,937
6075,2275,8350
5214,1780,6994
557,9502,10059
4605,2506,7111
3489,9246,12735
7037,3933,10970
2087,6545,8632
7166,6821,13987
893,1104,1997
8390,4482,12872
9780,5017,14797
7951,395,8346
6460,9041,15501
4864,4066,8930
1472,3541,5013
8883,1029,9912
9647,8290,17937
711,249,960
3290,8561,11851
2400,1470,3870
9740,9716,19456
960,6851,7811
2246,1543,3789
8054,2331,10385
9093,88,9181
7330,6199,13529
5636,4852,10488
3418,6425,9843
4873,4824,9697
4704,7406,12110
9411,9100,18511
5282,8280,13562
2585,7279,9864
4210,6632,10842
3895,5833,9728
4720,7888,12608
9536,2589,12125
1332,8020,9352
9817,386,10203
1713,548,2261
3963,3498,7461
9194,543,9737
4216,6889,11105
4139,7077,11216
1559,4996,6555
9183,4405,13588
7684,6169,13853
9308,9711,19019
466,5546,6012
1875,1034,2909
6971,852,7823
2316,5444,7760
4484,5740,10224
5690,9923,15613
3136,9872,13008
3989,3595,7584
2155,6551,8706
9463,1972,11435
7308,7306,14614
2002,4509,6511
6255,4701,10956
2916,5706,8622
8821,9170,17991
2041,9914,11955
8611,492,9103
4690,9544,14234
2026,56,2082
7133,8810,15943
7788,743,8531
1943,7911,9854
8518,8281,16799
7360,1255,8615
4939,1846,6785
8630,9694,18324
2486,8789,11275
8203,3637,11840
7161,3132,10293
7291,3850,11141
9818,3329,13147
8003,4289,12292
1446,9589,11035
2653,9593,12246
9563,9942,19505
6680,6184,12864
2770,6062,8832
423,6143,6566
5074,9088,14162
4842,4593,9435
5873,7053,12926
5677,7599,13276
372,988,1360
9632,9712,19344
9553,3803,13356
2713,3987,6700
3130,7674,10804
7063,2452,9515
4260,325,4585
6864,6894,13758
391,1324,1715
4254,1568,5822
7090,3678,10768
3892,1365,5257
7638,166,7804
4986,242,5228
2850,2848,5698
9537,976,10513
2543,1047,3590
5998,7915,13913
7267,6596,13863
9510,6274,15784
4963,7818,12781
2768,7258,10026
4416,8293,12709
5657,5927,11584
3641,6332,9973
2032,3620,5652
792,3478,4270
6619,5918,12537
1653,3973,5626
4588,4595,9183
5441,8086,13527
16,167,183
2209,9076,11285
3037,6096,9133
3177,7129,10306
8736,9859,18595
669,1734,2403
2982,7348,10330
4025,6139,10164
4345,7817,12162
1678,641,2319
6960,7514,14474
6084,2968,9052
514,3756,4270
9978,3356,13334
4852,1881,6733
4459,2069,6528
3063,2869,5932
8920,9570,18490
7268,6078,13346
8978,4850,13828
5114,4917,10031
9582,5417,14999
3577,5708,9285
3599,81,3680
8546,378,8924
9561,2295,11856
8544,5207,13751
8934,4577,13511
7532,3424,10956
9151,8413,17564
6040,7639,13679
8285,7391,15676
8725,7085,15810
4694,670,5364
5244,6959,12203
7870,4051,11921
4026,8935,12961
7739,9633,17372
9616,5936,15552
2337,3950,6287
2812,7151,9963
4308,8894,13202
411,9104,9515
5427,3984,9411
5723,348,6071
2565,5349,7914
8757,7401,16158
823,9998,10821
3558,5116,8674
1572,3912,5484
1395,8022,9417
7540,9426,16966
1900,1164,3064
9571,7940,17511
996,4112,5108
6879,480,7359
778,6868,7646
895,4085,4980
1248,9531,10779
3289,8364,11653
1479,5486,6965
4625,3952,8577
9615,3359,12974
8215,3958,12173
9757,8920,18677
2437,9034,11471
8038,1881,9919
4457,8489,12946
7397,629,8026
9727,1218,10945
5826,5055,10881
9270,684,9954
8990,5270,14260
4923,295,5218
9451,7303,16754
3392,424,3816
7690,2915,10605
3695,1801,5496
4816,9355,14171
2923,8994,11917
5832,7242,13074
5848,5463,11311
6168,2221,8389
4892,9495,14387
4850,784,5634
9726,2721,12447
7667,9223,16890
5330,3380,8710
9146,3725,12871
8202,1979,10181
839,6766,7605
6087,3612,9699
5036,387,5423
2900,3262,6162
6280,5678,11958
2877,9398,12275
5052,5872,10924
7401,795,8196
3242,7945,11187
4549,7984,12533
4415,2656,7071
8268,5781,14049
3937,3861,7798
5607,2479,8086
9064,6728,15792
1491,7647,9138
6994,1962,8956
2962,4017,6979
3654,163,3817
6108,6443,12551
1398,6443,7841
8195,6847,15042
4224,5257,9481
168,7370,7538
3888,2933,6821
9730,9456,19186
9028,8649,17677
4193,182,4375
932,1349,2281
9102,7922,17024
780,9537,10317
8692,6047,14739
4079,832,4911
7857,9513,17370
9779,1766,11545
7500,7259,14759
3088,1064,4152
5915,1676,7591
1555,8403,9958
7843,3147,10990
8201,303,8504
7454,1437,8891
4337,1587,5924
4146,8924,13070
8150,298,8448
9131,6593,15724
6710,9719,16429
3132,8380,11512
3407,3787,7194
258,9205,9463
7857,440,8297
557,5415,5972
9194,7574,16768
9894,813,10707
7529,6939,14468
4144,7304,11448
9651,1490,11141
7930,9389,17319
4806,2327,7133
222,6692,6914
5740,383,6123
5938,4565,10503
6727,8061,14788
1762,6472,8234
3830,342,4172
1739,2125,3864
1841,1062,2903
9592,9842,19434
3161,7755,10916
2793,9663,12456
513,3219,3732
4876,6352,11228
8772,4296,13068
8021,8626,16647
5607,6032,11639
2627,7020,9647
833,4983,5816
8301,1958,10259
5208,3969,9177
1106,6071,7177
6948,4813,11761
2945,7080,10025
5217,9208,14425
9730,7088,16818
2034,9422,11456
5592,8818,14410
7399,1116,8515
8380,8758,17138
1679,4515,6194
1437,3150,4587
8956,4410,13366
5692,8717,14409
6474,5315,11789
8225,8545,16770
3438,3121,6559
8526,694,9220
7642,3485,11127
9346,652,9998
3719,2721,6440
1142,6264,7406
8889,3612,12501
1332,6824,8156
5825,5773,11598
516,2395,2911
8030,4698,12728
2916,3002,5918
7123,8154,15277
7828,1901,9729
6439,1650,8089
676,6693,7369
1297,2771,4068
5163,5002,10165
7929,6451,14380
8649,1753,10402
6894,6089,12983
4553,2705,7258
1124,4885,6009
3353,5298,8651
9447,7306,16753
3393,1989,5382
5542,307,5849
9459,1599,11058
9566,8659,18225
4034,3375,7409
9001,4963,13964
194,1824,2018
6105,6627,12732
9152,1731,10883
6255,3004,9259
1264,6444,7708
3254,8124,11378
9383,7869,17252
1786,885,2671
6702,1071,7773
4882,712,5594
3582,8649,12231
7541,6159,13700
3246,5282,8528
6374,8886,15260
1189,2185,3374
9448,7733,17181
4300,115,4415
6849,4943,11792
3486,8002,11488
737,2312,3049
2315,2284,4599
4023,3632,7655
1922,6799,8721
272,9010,9282
4625,9965,14590
8258,6105,14363
9856,791,10647
3698,9858,13556
2800,1715,4515
6906,883,7789
5950,2062,8012
1073,530,1603
1494,4831,6325
8274,4639,12913
2866,1540,4406
9863,9900,19763
418,4221,4639
8130,2359,10489
6703,8206,14909
7033,554,7587
8535,5402,13937
5629,3046,8675
3419,2959,6378
2526,484,3010
5132,9777,14909
4187,6166,10353
359,7329,7688
2946,1294,4240
7823,1171,8994
8263,1285,9548
5714,6875,12589
192,562,754
7250,4861,12111
3227,3298,6525
3821,3535,7356
9655,3150,12805
2537,2545,5082
2234,9029,11263
8782,2806,11588
8804,5804,14608
9452,1965,11417
4527,8816,13343
1542,8480,10022
6911,7757,14668
7851,6616,14467
5654,4283,9937
6898,7168,14066
7480,3032,10512
2610,8689,11299
6770,6771,13541
1173,5849,7022
2341,8518,10859
7177,1159,8336
5705,2898,8603
5443,1485,6928
9735,6274,16009
292,755,1047
950,826,1776
6328,8551,14879
6878,6609,13487
1459,3757,5216
2529,7122,9651
1443,7326,8769
427,7730,8157
3121,4630,7751
2947,5262,8209
1452,3362,4814
6538,3247,9785
3068,4067,7135
7682,117,7799
7225,9563,16788
6309,738,7047
7471,4636,12107
9307,6296,15603
8373,2294,10667
6835,8635,15470
3646,2782,6428
3599,4551,8150
3035,2139,5174
9659,5429,15088
8488,4256,12744
2084,823,2907
9205,7537,16742
5543,6973,12516
1823,9775,11598
1958,1481,3439
2704,3394,6098
5767,2661,8428
730,7285,8015
6103,4294,10397
7158,7567,14725
5187,9791,14978
4462,7415,11877
5562,1935,7497
2038,905,2943
6593,6280,12873
1742,9923,11665
4838,4374,9212
1730,5000,6730
1262,65,1327
1017,6272,7289
9770,3278,13048
871,1495,2366
7243,4071,11314
8800,9021,17821
5253,2570,7823
8377,1796,10173
5353,9561,14914
743,6804,7547
5045,4427,9472
4691,4915,9606
5240,6747,11987
4987,3670,8657
7103,2512,9615
9831,8460,18291
3045,8768,11813
7717,5853,13570
1368,6843,8211
2262,4202,6464
7594,3664,11258
9200,4078,13278
8141,1215,9356
9583,5741,15324
7769,2691,10460
633,4706,5339
5214,7872,13086
9359,9903,19262
2055,8909,10964
9617,9280,18897
6307,2540,8847
8760,545,9305
5009,4447,9456
7894,5867,13761
5734,9141,14875
9936,7689,17625
8892,5110,14002
8816,5888,14704
1103,6681,7784
2323,1375,3698
9597,407,10004
8664,5724,14388
8186,9597,17783
7709,857,8566
660,6760,7420
4174,709,4883
4167,4772,8939
8528,2542,11070
2556,8439,10995
2245,1101,3346
6321,6291,12612
7702,1166,8868
9856,5289,15145
2194,4892,7086
4797,3813,8610
4812,3222,8034
4822,8379,13201
4884,9326,14210
3333,9764,13097
5294,5558,10852
7073,6709,13782
9945,4414,14359
6344,8817,15161
1827,9456,11283
5578,4787,10365
466,9809,10275
7725,7493,15218
9646,492,10138
1864,8002,9866
1934,5508,7442
6953,7685,14638
7906,3337,11243
8651,5707,14358
5434,1630,7064
4805,3475,8280
9301,1651,10952
661,2849,3510
7084,5300,12384
2668,4884,7552
9242,705,9947
812,2648,3460
7786,527,8313
4980,7221,12201
6199,2424,8623
5090,9528,14618
5577,6590,12167
8790,7209,15999
4879,4470,9349
5518,7225,12743
2820,9070,11890
4963,8056,13019
4237,1988,6225
5292,8091,13383
3071,7739,10810
5085,2358,7443
6158,8154,14312
8470,4523,12993
6857,4487,11344
6068,554,6622
5516,9425,14941
1025,7035,8060
6366,8730,15096
8171,672,8843
4987,3636,8623
825,9821,10646
7745,1592,9337
1023,2927,3950
605,269,874
6737,8320,15057
3103,1320,4423
6952,1643,8595
2909,5806,8715
2654,6162,8816
4768,9117,13885
3994,1090,5084
9435,4306,13741
5141,8379,13520
6538,1734,8272
3428,2009,5437
3410,3177,6587
9387,9345,18732
6526,1942,8468
1210,7682,8892
5971,1198,7169
1719,1295,3014
2422,5893,8315
9549,4352,13901
4593,7589,12182
4110,3438,7548
1125,7084,8209
4521,1729,6250
1490,8525,10015
6007,8996,15003
4250,9348,13598
7312,24,7336
6519,7681,14200
9416,9175,18591
5261,9764,15025
2006,8056,10062
9681,395,10076
7883,7081,14964
6212,297,6509
3424,3221,6645
7919,9762,17681
2007,6232,8239
8146,5281,13427
7953,6404,14357
6281,6918,13199
7418,2053,9471
4129,8194,12323
9849,6184,16033
1414,2942,4356
3215,666,3881
3645,5830,9475
6498,7598,14096
922,3896,4818
7636,522,8158
3883,748,4631
6315,4256,10571
9869,2638,12507
8296,1449,9745
4928,2294,7222
6293,1354,7647
2173,6798,8971
885,4652,5537
5857,1071,6928
4331,6754,11085
1971,1993,3964
7253,8578,15831
7904,4531,12435
456,5722,6178
4215,3185,7400
9182,6320,15502
3978,8813,12791
837,9956,10793
1451,7989,9440
7590,5918,13508
4612,3555,8167
2006,2617,4623
2681,8168,10849
9500,95,9595
6071,7591,13662
9999,7931,17930
5418,3973,9391
5415,5979,11394
6781,6972,13753
2308,1324,3632
377,1927,2304
1296,4117,5413
9533,9022,18555
6903,9825,16728
1688,3963,5651
2489,5129,7618
9245,5601,14846
1839,9151,10990
4598,7539,12137
4994,7911,12905
8506,9494,18000
9193,7024,16217
526,9283,9809
4546,5901,10447
2437,1935,4372
3896,838,4734
5964,7094,13058
3282,1566,4848
4663,8914,13577
3422,1452,4874
8446,5135,13581
3426,2203,5629
6880,3523,10403
752,4900,5652
460,8382,8842
1231,829,2060
8759,7694,16453
359,6045,6404
868,5656,6524
2149,8065,10214
7927,9128,17055
6741,4609,11350
4704,8484,13188
8730,7512,16242
1578,278,1856
2104,14,2118
6848,6197,13045
939,3458,4397
8148,5047,13195
9003,7292,16295
7771,5585,13356
4046,9488,13534
2006,3546,5552
267,65,332
9827,471,10298
1142,4136,5278
5571,1960,7531
1112,5517,6629
9569,3201,12770
9141,2237,11378
8642,5644,14286
5305,2881,8186
8632,2214,10846
8705,554,9259
6112,8834,14946
4582,7277,11859
9532,9017,18549
4284,8169,12453
5392,9221,14613
3150,560,3710
6232,3937,10169
815,119,934
4117,889,5006
5322,3616,8938
7095,7490,14585
169,1389,1558
4694,5823,10517
510,7697,8207
2691,4409,7100
1813,2184,3997
9085,7753,16838
2707,4830,7537
8337,1867,10204
8267,5164,13431
2674,5962,8636
3616,396,4012
9250,3947,13197
3291,9196,12487
9167,9450,18617
9189,3663,12852
5570,4470,10040
2495,3964,6459
5862,692,6554
5711,7951,13662
7155,8644,15799
7802,8060,15862
5547,2539,8086
6068,3357,9425
9734,2819,12553
6102,9880,15982
970,2599,3569
9482,6430,15912
4196,2178,6374
4332,5302,9634
7853,2243,10096
9876,9496,19372
1785,1693,3478
5525,613,6138
5096,7183,12279
4713,8968,13681
8540,2877,11417
8033,9754,17787
4109,3347,7456
7217,1167,8384
2813,3504,6317
6313,2288,8601
2048,6327,8375
951,8076,9027
6237,4131,10368
3972,2302,6274
9610,2153,11763
7220,9306,16526
7462,8553,16015
7637,5174,12811
952,6767,7719
2851,737,3588
6362,2848,9210
829,2049,2878
6916,7712,14628
7429,1165,8594
3844,7274,11118
1714,4412,6126
7629,5692,13321
3888,6873,10761
4953,9033,13986
3052,3519,6571
5759,2745,8504
4005,9711,13716
6341,4141,10482
3514,2861,6375
615,487,1102
9500,6077,15577
1144,292,1436
4433,5411,9844
6093,3008,9101
4994,4679,9673
5952,8272,14224
3160,1695,4855
1166,9341,10507
533,9244,9777
9836,8069,17905
1119,1852,2971
6059,3029,9088
9084,2609,11693
1950,8440,10390
446,581,1027
1785,1075,2860
7417,4822,12239
7370,7478,14848
4298,3738,8036
9417,1884,11301
650,4854,5504
5296,1325,6621
3623,6736,10359
8818,804,9622
6113,9155,15268
5264,4085,9349
8624,1086,9710
6671,4803,11474
618,2011,2629
9082,8866,17948
2589,8152,10741
5796,2574,8370
6513,2946,9459
7664,228,7892
9132,7440,16572
7292,5147,12439
8166,5350,13516
8166,5980,14146
4072,8359,12431
2282,2935,5217
9422,2820,12242
7991,6030,14021
6422,8587,15009
1407,1665,3072
6809,7614,14423
6629,7444,14073
8117,1057,9174
42,1817,1859
1105,584,1689
7024,4615,11639
4229,1576,5805
2736,2379,5115
4418,477,4895
1293,9089,10382
71,3512,3583
6718,9593,16311
1982,6663,8645
9166,3121,12287
8204,2054,10258
1712,1047,2759
7884,8657,16541
9759,959,10718
5634,3130,8764
724,3851,4575
2917,6962,9879
2598,3066,5664
1598,1301,2899
9577,6329,15906
8066,4745,12811
3279,2062,5341
7628,6616,14244
2200,9262,11462
7005,6177,13182
3248,303,3551
7064,877,7941
3807,5986,9793
4426,2345,6771
5625,806,6431
846,384,1230
1532,6055,7587
9051,1477,10528
5063,1420,6483
2184,1252,3436
9090,78,9168
1727,4660,6387
8252,7707,15959
5774,485,6259
9199,2891,12090
1499,1340,2839
669,9508,10177
3521,2401,5922
965,5035,6000
2559,409,2968
9529,1378,10907
2714,7702,10416
7073,7446,14519
617,7497,8114
7751,2928,10679
3056,7984,11040
3268,5199,8467
1789,5390,7179
4049,8076,12125
7362,7216,14578
4652,6937,11589
9217,6703,15920
1967,6582,8549
3789,8429,12218
8380,5918,14298
3748,4982,8730
713,3544,4257
5555,390,5945
5450,7537,12987
795,5930,6725
1621,4099,5720
3114,3390,6504
8704,8887,17591
1641,6423,8064
9999,6678,16677
7360,3164,10524
1273,4070,5343
8271,6918,15189
2178,3224,5402
3560,471,4031
2673,1353,4026
2545,7806,10351
5633,452,6085
10,543,553
9429,1300,10729
5565,4889,10454
4921,2877,7798
2561,7922,10483
2697,7856,10553
578,4058,4636
18,6144,6162
5757,9758,15515
8451,4081,12532
2452,8803,11255
3288,259,3547
8312,4802,13114
382,5013,5395
5007,7507,12514
8078,9149,17227
802,3817,4619
6274,7113,13387
9625,1607,11232
6834,6499,13333
9694,7614,17308
2364,3938,6302
8416,1011,9427
8614,6151,14765
1462,7281,8743
9001,7879,16880
4095,1267,5362
9441,4830,14271
8284,6960,15244
6603,5932,12535
330,8814,9144
3139,88,3227
6661,6868,13529
6189,8380,14569
4542,4630,9172
3524,1069,4593
2556,8118,10674
9991,1195,11186
2092,3964,6056
5077,9524,14601
7069,2649,9718
1148,1402,2550
173,9173,9346
1795,6966,8761
5109,7275,12384
9545,9568,19113
9982,7966,17948
6204,7268,13472
9883,8071,17954
8421,3200,11621
5597,6079,11676
1257,917,2174
6642,8755,15397
4694,8626,13320
7110,4464,11574
6047,2071,8118
264,7601,7865
530,5339,5869
4993,1571,6564
2199,6348,8547
6953,5911,12864
9083,892,9975
9116,641,9757
7571,4389,11960
4099,5187,9286
1347,6080,7427
6838,1673,8511
2209,1112,3321
7353,5586,12939
2771,5059,7830
8550,4116,12666
7056,1229,8285
1041,7875,8916
6977,8406,15383
2007,6805,8812
1972,4022,5994
518,8141,8659
5230,237,5467
3305,5121,8426
7605,9308,16913
8966,1878,10844
6678,4982,11660
2730,2967,5697
6190,6368,12558
54,3360,3414
7320,7242,14562
3471,4220,7691
2869,8173,11042
7450,357,7807
8656,2969,11625
8820,6161,14981
1528,761,2289
9223,5699,14922
3941,3755,7696
7745,226,7971
1909,4871,6780
6882,7076,13958
9552,2329,11881
409,4040,4449
2145,3286,5431
9526,2139,11665
347,7959,8306
2756,5606,8362
549,303,852
1823,4632,6455
254,7098,7352
431,8187,8618
1306,3723,5029
8173,1981,10154
6223,8295,14518
3199,1817,5016
1115,4146,5261
5293,8973,14266
1058,923,1981
5064,8248,13312
201,1157,1358
7637,8896,16533
8164,9334,17498
5611,4210,9821
7128,7829,14957
6200,3452,9652
6750,4793,11543
43,5866,5909
534,4350,4884
2756,6228,8984
5508,8258,13766
4955,2975,7930
3389,3225,6614
7647,3543,11190
8396,2821,11217
151,8318,8469
6829,1831,8660
9475,815,10290
620,2958,3578
1122,6002,7124
3130,2641,5771
8160,2162,10322
5730,9258,14988
7705,1731,9436
9668,8115,17783
5472,8736,14208
2613,1433,4046
2760,2613,5373
258,868,1126
6276,7104,13380
4797,6708,11505
9737,1185,10922
564,9456,10020
628,2494,3122
3418,6163,9581
4610,1731,6341
6207,6040,12247
9875,6770,16645
2598,2332,4930
6710,4808,11518
6176,5079,11255
6177,3782,9959
2307,5480,7787
2377,4102,6479
410,9430,9840
2044,9228,11272
561,2325,2886
9581,340,9921
2979,2591,5570
544,5476,6020
6104,5768,11872
7868,5153,13021
376,2386,2762
4218,5151,9369
1994,175,2169
2238,8824,11062
1755,7458,9213
3407,3343,6750
2567,5706,8273
9022,242,9264
2955,5349,8304
524,1301,1825
7699,7998,15697
1958,3550,5508
4436,6347,10783
2021,7369,9390
7012,6773,13785
9593,107,9700
379,3045,3424
5138,6191,11329
8545,2761,11306
6708,2194,8902
1567,4996,6563
8815,4482,13297
7158,1590,8748
6908,7489,14397
9051,4525,13576
7410,5542,12952
1566,2455,4021
8501,9297,17798
5054,3941,8995
8250,7034,15284
1805,3992,5797
3922,9808,13730
7002,793,7795
9313,2198,11511
4638,7001,11639
5610,9709,15319
2618,9802,12420
4420,8505,12925
4267,865,5132
2274,7711,9985
339,2538,2877
8817,3200,12017
2509,105,2614
6149,7846,13995
9245,9266,18511
5797,1701,7498
4253,1909,6162
6976,1331,8307
7306,2033,9339
441,6809,7250
2887,3327,6214
2392,795,3187
1051,803,1854
8018,3043,11061
3718,1701,5419
6851,6914,13765
8028,323,8351
5393,8195,13588
112,1771,1883
3236,5991,9227
8059,3018,11077
4858,6063,10921
3512,6260,9772
616,8734,9350
388,5535,5923
6169,2307,8476
9121,5901,15022
9115,537,9652
7678,3060,10738
7478,1081,8559
9806,5844,15650
5931,1911,7842
4063,86,4149
6409,9312,15721
8669,6927,15596
759,6750,7509
9669,2533,12202
545,8827,9372
2516,1034,3550
7710,2483,10193
1065,6840,7905
5887,8988,14875
404,7731,8135
6887,6492,13379
4907,5153,10060
9212,8194,17406
5387,6055,11442
3649,6663,10312
2222,2436,4658
4718,8997,13715
3849,8817,12666
9099,6852,15951
9872,5984,15856
7649,6084,13733
6449,8895,15344
8610,1716,10326
2090,5450,7540
3323,4994,8317
6292,4554,10846
2776,1898,4674
1425,2334,3759
5767,4520,10287
113,3397,3510
4899,5878,10777
6130,8550,14680
2283,5964,8247
586,4820,5406
8936,4204,13140
3153,2028,5181
5153,569,5722
836,2371,3207
4089,9417,13506
7631,7907,15538
4081,5015,9096
389,7106,7495
1310,9345,10655
5398,5790,11188
8419,7103,15522
9521,1887,11408
7440,9823,17263
246,846,1092
9638,4140,13778
787,9475,10262
6411,6512,12923
7791,8220,16011
231,4868,5099
9773,2759,12532
6011,2289,8300
6755,1618,8373
5706,2203,7909
183,8583,8766
5686,4219,9905
44,4431,4475
4944,2791,7735
1315,9338,10653
4199,2974,7173
8596,1215,9811
7594,325,7919
3201,4779,7980
278,3054,3332
8263,3245,11508
7655,1513,9168
1436,8640,10076
179,5299,5478
2537,5929,8466
2556,580,3136
800,6042,6842
5469,8762,14231
6793,642,7435
9959,9823,19782
4614,1506,6120
4245,6291,10536
7803,6688,14491
1454,2366,3820
4632,1235,5867
8478,2301,10779
6398,8916,15314
301,4052,4353
7072,7604,14676
6246,3646,9892
5847,9167,15014
3845,419,4264
5349,6998,12347
4251,9252,13503
751,160,911
9453,8898,18351
6592,4606,11198
5057,1710,6767
4762,957,5719
1116,4149,5265
2801,6704,9505
9053,7333,16386
2903,8687,11590
1691,8046,9737
9219,6714,15933
7524,1415,8939
271,6748,7019
4201,115,4316
9422,9568,18990
9920,2490,12410
3534,4912,8446
6182,829,7011
8185,9597,17782
764,8590,9354
6792,8865,15657
699,6274,6973
3338,7778,11116
5448,9950,15398
773,453,1226
5255,3915,9170
4246,2265,6511
751,5975,6726
726,6355,7081
4954,5596,10550
3095,6828,9923
3687,6416,10103
3162,4539,7701
6919,747,7666
5285,5358,10643
8818,6588,15406
5363,9225,14588
3680,6499,10179
8850,4010,12860
7803,6798,14601
5207,2068,7275
2228,1527,3755
6822,7243,14065
1261,8862,10123
7430,5231,12661
823,4861,5684
9734,7980,17714
7637,9073,16710
2939,6397,9336
1623,4705,6328
9891,3673,13564
1864,4992,6856
8876,3867,12743
7886,8321,16207
5040,211,5251
4120,6837,10957
6239,7878,14117
6010,4554,10564
8491,8447,16938
9284,6102,15386
8647,7934,16581
3175,1501,4676
1341,926,2267
7272,8385,15657
2781,3980,6761
280,8386,8666
5774,3136,8910
719,5804,6523
7140,5712,12852
3204,5527,8731
5279,3317,8596
4641,2931,7572
1916,5585,7501
9374,113,9487
2001,2580,4581
2225,8026,10251
7633,2718,10351
833,3284,4117
279,2796,3075
8673,8503,17176
5767,9787,15554
8564,7503,16067
4071,436,4507
492,1724,2216
4339,4885,9224
9733,9084,18817
5426,8958,14384
5046,9270,14316
7517,9263,16780
2028,188,2216
3109,2869,5978
9410,2868,12278
7474,6407,13881
6710,3372,10082
7805,9902,17707
385,1177,1562
3247,3233,6480
3222,4996,8218
6135,7787,13922
5442,6049,11491
9449,938,10387
8307,6270,14577
6798,2942,9740
8188,579,8767
4220,2960,7180
5535,1856,7391
6652,1225,7877
9171,7196,16367
2771,2679,5450
8471,5366,13837
2617,401,3018
326,8594,8920
8653,7438,16091
7541,3314,10855
3015,5107,8122
7048,2349,9397
9092,8856,17948
972,3876,4848
9782,9222,19004
1912,119,2031
5139,373,5512
4189,8134,12323
4291,3015,7306
2135,7324,9459
5270,9720,14990
1204,911,2115
2253,7164,9417
8512,3945,12457
8723,9512,18235
7763,6249,14012
6029,2951,8980
1216,129,1345
3067,1677,4744
5305,2566,7871
563,205,768
7963,5528,13491
5926,9721,15647
3138,7774,10912
9731,3444,13175
792,2397,3189
9998,8771,18769
4147,3439,7586
3363,7895,11258
3002,9935,12937
5894,3911,9805
101,7279,7380
3954,903,4857
7153,6220,13373
6,1394,1400
1643,9016,10659
5968,3487,9455
1541,8005,9546
4694,7971,12665
8635,906,9541
4340,1161,5501
7443,7950,15393
7272,894,8166
5366,1702,7068
3191,6316,9507
6621,1452,8073
5670,9789,15459
7511,3158,10669
8146,5164,13310
3969,1475,5444
9541,9956,19497
363,1794,2157
4545,148,4693
7592,3875,11467
9433,5687,15120
2206,2782,4988
7476,2937,10413
1403,8091,9494
6866,3725,10591
740,7641,8381
6313,3201,9514
708,2245,2953
7462,7204,14666
9738,6325,16063
1829,1284,3113
667,8460,9127
9970,7840,17810
4435,781,5216
1167,9184,10351
2818,8903,11721
2178,7843,10021
5673,9648,15321
1201,7007,8208
9390,1336,10726
7742,2923,10665
7837,4297,12134
5732,9703,15435
2550,6322,8872
6262,7723,13985
725,5043,5768
173,9166,9339
7140,471,7611
7576,1935,9511
4580,7892,12472
6038,3829,9867
2596,1414,4010
3065,1886,4951
2488,1315,3803
561,7071,7632
6153,3854,10007
5286,6346,11632
8876,4656,13532
8274,4275,12549
1000,3744,4744
6683,4051,10734
3693,2186,5879
6456,1844,8300
2491,8895,11386
740,7263,8003
2849,1396,4245
3178,4690,7868
9186,1080,10266
1366,2373,3739
2908,8500,11408
7075,5053,12128
7350,2963,10313
5861,1201,7062
4842,4902,9744
6261,5637,11898
3147,5803,8950
9872,8651,18523
6889,6750,13639
7554,7702,15256
4479,5664,10143
5394,3022,8416
647,7691,8338
5703,2074,7777
5045,3037,8082
6505,1229,7734
5459,6723,12182
6193,3214,9407
1530,4288,5818
8423,7002,15425
7641,6110,13751
7458,27,7485
9082,1752,10834
5438,8921,14359
4422,2502,6924
2399,1492,3891
9739,6450,16189
3702,9779,13481
3609,8323,11932
507,7618,8125
7710,4764,12474
2939,8008,10947
7532,2119,9651
9370,7924,17294
6676,1753,8429
8384,7390,15774
9021,9181,18202
3207,2895,6102
2397,9507,11904
82,4232,4314
7771,2492,10263
542,2047,2589
2477,1803,4280
9128,5831,14959
6370,9229,15599
5613,5627,11240
5628,8793,14421
2762,1781,4543
6505,4931,11436
920,5138,6058
8813,100,8913
2087,4736,6823
9402,4771,14173
6724,6294,13018
7173,3701,10874
6286,9224,15510
4807,9826,14633
2151,410,2561
9080,3590,12670
5364,7758,13122
9458,7739,17197
1424,4343,5767
808,7286,8094
9564,5871,15435
8620,1102,9722
4725,6726,11451
4166,9725,13891
4842,9194,14036
6158,3294,9452
5325,2481,7806
6180,6599,12779
8410,8074,16484
6080,7647,13727
7414,6948,14362
1723,4688,6411
2787,8807,11594
215,8888,9103
1043,9219,10262
8672,7398,16070
821,5798,6619
4564,6724,11288
9926,5719,15645
9025,8214,17239
5804,166,5970
2170,2684,4854
6222,7880,14102
3271,1035,4306
5492,5090,10582
7546,8183,15729
3440,4834,8274
9317,5851,15168
5491,8631,14122
2430,3258,5688
4850,1079,5929
1713,4976,6689
4266,610,4876
842,5597,6439
3334,2108,5442
8299,8827,17126
450,7293,7743
170,1543,1713
9313,1646,10959
9283,5644,14927
8852,9506,18358
9354,9264,18618
2707,1564,4271
9248,4907,14155
9209,5380,14589
9947,4456,14403
2024,9082,11106
9485,736,10221
4095,1754,5849
1380,4987,6367
4705,8120,12825
1624,9896,11520
2862,9062,11924
3015,8995,12010
309,5068,5377
8610,8416,17026
4059,9170,13229
1198,8465,9663
470,1445,1915
6697,9580,16277
9433,3968,13401
6445,1707,8152
6302,6752,13054
4998,87,5085
7698,8174,15872
3283,3686,6969
419,1987,2406
5516,6298,11814
6740,7254,13994
3445,7681,11126
8568,8561,17129
8976,6953,15929
9639,8315,17954
1843,7975,9818
4813,6674,11487
5726,7284,13010
4628,7703,12331
5081,7323,12404
9188,4895,14083
6335,1756,8091
7118,1239,8357
8464,6282,14746
1704,7719,9423
2751,8508,11259
2152,1818,3970
5532,1323,6855
9977,8747,18724
6767,622,7389
2161,9039,11200
8666,8912,17578
6055,1124,7179
8876,7042,15918
3714,1678,5392
5585,2507,8092
4455,8635,13090
798,4304,5102
1888,9500,11388
8484,7262,15746
5408,4305,9713
1738,7050,8788
8807,1657,10464
9828,4661,14489
5620,9575,15195
5908,7251,13159
997,8175,9172
3056,4307,7363
6201,9616,15817
4172,3681,7853
6354,3160,9514
6412,2533,8945
7549,8073,15622
407,5925,6332
3941,6791,10732
5907,6014,11921
3701,4019,7720
7873,3536,11409
2896,5600,8496
3546,7754,11300
4776,5489,10265
2318,8985,11303
4972,1359,6331
2882,4475,7357
5588,6900,12488
7411,728,8139
7905,9259,17164
7662,823,8485
8936,7218,16154
6609,7509,14118
257,3705,3962
6868,2211,9079
1694,8708,10402
3471,1682,5153
8442,3952,12394
8437,4128,12565
6144,9892,16036
9881,9828,19709
9417,7094,16511
6223,6838,13061
7343,9103,16446
934,8828,9762
1945,593,2538
7217,9331,16548
6918,4934,11852
842,5020,5862
9123,6560,15683
9481,8151,17632
5051,8774,13825
6215,8355,14570
6433,3743,10176
4365,7244,11609
8400,1305,9705
8895,717,9612
3632,1285,4917
4264,5227,9491
574,6253,6827
2653,4272,6925
1073,7755,8828
7275,2887,10162
8571,7543,16114
5606,6897,12503
963,547,1510
9564,8435,17999
8557,3910,12467
5943,2917,8860
5854,7073,12927
3805,3860,7665
2124,8973,11097
3597,686,4283
9808,9579,19387
2865,1066,3931
5894,9014,14908
8375,1461,9836
8443,5700,14143
7985,63,8048
8364,1338,9702
5427,2788,8215
7105,3687,10792
8273,397,8670
1843,122,1965
1225,2703,3928
990,9586,10576
8607,3083,11690
8538,7676,16214
702,2567,3269
3838,3248,7086
8649,698,9347
2060,685,2745
1735,5470,7205
2717,8541,11258
805,1101,1906
7396,897,8293
1352,2958,4310
2988,2952,5940
886,6303,7189
6059,2416,8475
7120,3310,10430
4882,4207,9089
3593,9060,12653
7292,5100,12392
4711,1506,6217
7188,5457,12645
7764,2867,10631
5089,4383,9472
3551,72,3623
3382,7100,10482
6555,6894,13449
7664,3529,11193
8768,1435,10203
2391,9259,11650
6334,6491,12825
8526,278,8804
5815,2496,8311
8884,6745,15629
6924,4510,11434
7387,6567,13954
9196,5383,14579
7482,4167,11649
524,5354,5878
9405,1264,10669
3801,2169,5970
7489,1165,8654
3223,3835,7058
2669,8875,11544
5400,2427,7827
7045,2597,9642
9869,808,10677
2044,6025,8069
3475,3146,6621
1586,1855,3441
166,8316,8482
5635,2108,7743
2230,9118,11348
7880,2463,10343
7520,5155,12675
6858,4329,11187
9178,9549,18727
201,3557,3758
6803,3447,10250
5676,7591,13267
5984,1411,7395
9635,2796,12431
6245,200,6445
4328,5073,9401
5455,6576,12031
1486,4179,5665
5628,4829,10457
6507,1315,7822
5530,9818,15348
6148,664,6812
9368,6150,15518
5038,7576,12614
7738,4489,12227
9792,1880,11672
9940,8527,18467
9992,4543,14535
6545,3875,10420
5372,3684,9056
5589,9699,15288
2846,7940,10786
9800,7459,17259
4122,1535,5657
4330,4635,8965
5261,3947,9208
3452,3333,6785
3425,8418,11843
6277,2495,8772
3690,5889,9579
7674,9909,17583
2727,3782,6509
1049,7543,8592
2241,8005,10246
2822,6494,9316
5013,2793,7806
7745,6131,13876
9137,6689,15826
1651,2301,3952
5792,7166,12958
5073,634,5707
7550,2377,9927
785,2626,3411
8144,8307,16451
7635,2498,10133
3860,4919,8779
9976,3552,13528
6471,6046,12517
3497,2484,5981
6239,6053,12292
1161,9947,11108
2226,5489,7715
3637,1173,4810
6975,4690,11665
6998,6835,13833
4434,1144,5578
8989,7580,16569
4706,2362,7068
424,9005,9429
5127,1045,6172
4375,5616,9991
9887,1659,11546
4507,1757,6264
273,8147,8420
8961,4074,13035
6156,1467,7623
5116,9966,15082
3760,6330,10090
6764,364,7128
4026,8582,12608
8862,8268,17130
9935,9319,19254
2814,7916,10730
9068,6595,15663
5992,6544,12536
1156,3617,4773
222,65,287
1500,3466,4966
8529,9084,17613
9391,6804,16195
6070,5898,11968
8776,8326,17102
7427,7568,14995
3525,8383,11908
1203,6808,8011
1404,2448,3852
5348,5581,10929
6576,1730,8306
2668,6185,8853
5720,7199,12919
8272,2730,11002
7570,9691,17261
5676,8859,14535
2529,1487,4016
7492,8586,16078
6482,519,7001
8878,6384,15262
7375,4098,11473
7780,8930,16710
272,1335,1607
6024,8794,14818
6040,2306,8346
6355,4332,10687
390,3087,3477
7780,8436,16216
7207,6394,13601
9788,2693,12481
7074,5581,12655
4309,4485,8794
580,811,1391
2935,5506,8441
1723,4047,5770
7576,9571,17147
5031,1190,6221
1378,33,1411
3608,2348,5956
6846,2673,9519
3270,4162,7432
4981,4100,9081
2273,3931,6204
4700,4909,9609
7887,7543,15430
8917,1573,10490
8963,7742,16705
5582,197,5779
6011,4279,10290
8709,4526,13235
4717,9904,14621
1638,9141,10779
8727,8332,17059
4594,7894,12488
3934,5144,9078
6151,273,6424
9655,4575,14230
1649,3601,5250
693,286,979
5319,1902,7221
2472,7640,10112
366,1824,2190
8947,1945,10892
4132,1999,6131
9034,8589,17623
6066,589,6655
1966,907,2873
9555,1761,11316
2037,8005,10042
5159,2139,7298
4657,663,5320
4240,2227,6467
4986,619,5605
5358,4760,10118
8065,5267,13332
4785,8320,13105
7993,8234,16227
440,2509,2949
7270,2792,10062
7550,1875,9425
7442,8493,15935
6255,7594,13849
6272,7255,13527
176,5553,5729
6543,6234,12777
8120,844,8964
4871,7564,12435
2948,5570,8518
2792,205,2997
1812,2251,4063
3456,2156,5612
6901,9656,16557
8566,6154,14720
4123,1924,6047
4424,7193,11617
8020,7832,15852
8459,5292,13751
9406,2553,11959
7252,3710,10962
3011,5982,8993
5558,4020,9578
3065,1892,4957
6906,1838,8744
2231,4730,6961
4752,4872,9624
8758,8035,16793
716,4097,4813
778,3365,4143
6268,2635,8903
4512,7241,11753
3422,8788,12210
720,6195,6915
8004,3672,11676
7250,3849,11099
6281,5547,11828
9861,9551,19412
5427,3613,9040
4725,2603,7328
2337,6079,8416
1709,3333,5042
5132,1625,6757
2069,2097,4166
8511,7788,16299
6921,3315,10236
3443,7957,11400
301,9455,9756
3611,5941,9552
2492,8112,10604
947,3961,4908
3722,4599,8321
6473,8379,14852
2804,543,3347
4642,6248,10890
2557,3533,6090
6819,1960,8779
7044,1229,8273
2375,9266,11641
2416,7486,9902
5286,7272,12558
6373,393,6766
947,5807,6754
2528,7801,10329
8320,5226,13546
3745,7611,11356
6169,4647,10816
3766,7554,11320
46,8733,8779
1419,8036,9455
8338,7887,16225
739,5321,6060
7287,1888,9175
3832,6544,10376
1485,2978,4463
775,1764,2539
5272,2331,7603
827,4403,5230
1265,1022,2287
8887,8379,17266
1169,4305,5474
5541,2549,8090
7529,6207,13736
7551,7302,14853
1501,5568,7069
7779,7708,15487
4593,7024,11617
4639,4631,9270
6150,3599,9749
1881,4153,6034
9428,6753,16181
6978,6616,13594
4211,8756,12967
368,1357,1725
615,6303,6918
3883,4720,8603
9245,9587,18832
8946,3227,12173
5614,4437,10051
3642,139,3781
1569,9846,11415
2848,8211,11059
1666,3678,5344
3869,6862,10731
5121,5769,10890
7016,6840,13856
8344,1224,9568
1283,5683,6966
9359,9418,18777
9195,1290,10485
9910,3513,13423
5953,9286,15239
2019,3161,5180
7817,9620,17437
9286,9353,18639
183,2281,2464
7284,9883,17167
4467,9263,13730
7110,1662,8772
1555,1182,2737
9692,1248,10940
4028,4714,8742
2921,325,3246
3710,645,4355
2876,5406,8282
9816,9539,19355
9965,1434,11399
9836,9480,19316
3380,1252,4632
2686,7941,10627
173,7365,7538
6119,9951,16070
9373,2493,11866
6688,8992,15680
1104,3071,4175
6537,5227,11764
5879,1801,7680
7610,2882,10492
3032,5319,8351
3201,4050,7251
9702,8968,18670
9779,4312,14091
9023,1629,10652
470,2885,3355
1872,374,2246
8661,5458,14119
5077,1684,6761
2967,9350,12317
8290,846,9136
6044,517,6561
7515,665,8180
7521,6367,13888
5485,108,5593
7307,5270,12577
8222,9268,17490
8431,5934,14365
4208,7073,11281
9674,2298,11972
7326,9331,16657
8186,2691,10877
5279,1434,6713
6864,7899,14763
6235,3384,9619
3481,3920,7401
750,1362,2112
7540,7481,15021
7826,986,8812
5777,7201,12978
5233,7620,12853
7687,4508,12195
1359,6006,7365
8605,6108,14713
7582,9762,17344
2158,2643,4801
7653,8728,16381
5114,606,5720
5246,8398,13644
5715,9333,15048
3265,6502,9767
3675,4534,8209
8893,417,9310
695,6181,6876
2565,6252,8817
550,9935,10485
8431,3606,12037
8853,7070,15923
7325,2127,9452
2153,1705,3858
1165,5160,6325
9555,266,9821
7839,4524,12363
8533,7134,15667
2073,7550,9623
2655,1355,4010
9034,1915,10949
3399,5393,8792
2997,5812,8809
7926,2934,10860
5660,1820,7480
4256,9770,14026
5746,4361,10107
6866,3090,9956
9567,14,9581
8978,7072,16050
513,4258,4771
6193,9438,15631
2231,2463,4694
9635,1237,10872
4861,9203,14064
2131,7102,9233
6070,504,6574
4794,2858,7652
8217,2932,11149
8662,5246,13908
9538,6247,15785
8874,4404,13278
6612,6475,13087
9541,1355,10896
5799,4236,10035
2877,1967,4844
619,2732,3351
4169,458,4627
463,8347,8810
3116,7175,10291
8682,7068,15750
8858,7015,15873
8365,8328,16693
5876,3422,9298
619,7726,8345
3276,6958,10234
9702,629,10331
8070,138,8208
1158,608,1766
5565,7553,13118
5851,387,6238
1674,201,1875
2906,4445,7351
7293,1547,8840
4047,789,4836
5041,8057,13098
5845,2252,8097
3609,7950,11559
8116,6980,15096
2448,6052,8500
7150,2834,9984
1756,5419,7175
4980,676,5656
550,1392,1942
6100,7730,13830
4313,757,5070
3911,4221,8132
1270,2355,3625
2907,118,3025
44,2268,2312
6573,2920,9493
1025,8931,9956
3798,3832,7630
4197,4885,9082
2173,53,2226
6666,2869,9535
7998,8362,16360
6365,1641,8006
1002,7403,8405
6649,1896,8545
5615,3384,8999
3184,7435,10619
8423,44,8467
8704,4071,12775
1650,902,2552
5810,9455,15265
8706,6198,14904
8091,4732,12823
1174,6312,7486
4657,6814,11471
5092,6478,11570
5918,1131,7049
1821,5673,7494
5309,6839,12148
746,707,1453
1824,544,2368
7806,2899,10705
2842,7104,9946
8979,1731,10710
1524,9643,11167
4219,3686,7905
2107,273,2380
6376,852,7228
8675,4083,12758
4826,3288,8114
2984,5831,8815
5439,529,5968
9914,8917,18831
1657,75,1732
145,4734,4879
5130,7909,13039
6957,8389,15346
6332,2893,9225
8803,46,8849
28,1105,1133
1770,9666,11436
1712,7154,8866
6427,2501,8928
9084,3654,12738
9677,9513,19190
6116,8964,15080
9937,230,10167
2373,3402,5775
4593,1854,6447
1355,8101,9456
8177,469,8646
6902,8014,14916
886,6367,7253
3967,9085,13052
3567,5120,8687
4343,9722,14065
6602,3135,9737
2832,1213,4045
3289,5520,8809
7347,2437,9784
692,540,1232
2742,1738,4480
8960,2720,11680
4932,8828,13760
9881,3665,13546
4847,4283,9130
5719,6842,12561
8208,6485,14693
1274,1038,2312
9553,4558,14111
9845,1111,10956
7666,2304,9970
256,7876,8132
6019,5618,11637
3423,9651,13074
673,439,1112
1790,6032,7822
2656,5096,7752
5830,963,6793
3824,9163,12987
756,8573,9329
4233,3110,7343
2728,7735,10463
8894,345,9239
5904,8287,14191
9892,8879,18771
5492,5445,10937
4411,4,4415
41,6880,6921
9114,6224,15338
6800,1653,8453
202,4847,5049
8483,3804,12287
7510,6488,13998
9340,894,10234
6714,9674,16388
5690,1847,7537
6876,5080,11956
1770,4431,6201
8792,6369,15161
9007,2083,11090
6339,4895,11234
7100,9393,16493
1166,9192,10358
2771,55,2826
3030,9041,12071
3575,7096,10671
6758,5854,12612
2351,118,2469
3684,6380,10064
6552,9194,15746
9829,109,9938
9441,3978,13419
3643,779,4422
8742,4445,13187
765,8878,9643
5986,5927,11913
3948,3583,7531
3730,1626,5356
2795,378,3173
893,576,1469
6479,2020,8499
8115,6834,14949
7488,8580,16068
453,5098,5551
1934,3712,5646
2969,5493,8462
9107,6894,16001
6147,8177,14324
9048,9653,18701
894,7583,8477
4502,2699,7201
2281,993,3274
4315,9343,13658
2025,4344,6369
6525,5002,11527
3884,9824,13708
5140,7410,12550
9638,6267,15905
848,9572,10420
9446,8265,17711
5980,1154,7134
8171,1196,9367
7897,2887,10784
1029,4738,5767
7585,6754,14339
5713,5126,10839
5878,2082,7960
3879,6108,9987
6052,3632,9684
2848,4590,7438
3041,6593,9634
6374,5560,11934
7391,5083,12474
2822,4246,7068
6456,2473,8929
9668,1528,11196
185,2436,2621
2036,7974,10010
7060,3745,10805
5100,6883,11983
8002,4581,12583
3388,7725,11113
7769,8242,16011
1204,5302,6506
4265,4060,8325
8210,2598,10808
3669,5898,9567
7419,9756,17175
6302,8861,15163
2716,918,3634
3864,4677,8541
7203,23,7226
58,360,418
177,145,322
6807,6569,13376
1316,8501,9817
3940,1147,5087
3819,2815,6634
1703,398,2101
8805,668,9473
2091,6682,8773
8437,3874,12311
8343,1734,10077
4518,6295,10813
2233,4885,7118
6504,9044,15548
3296,9239,12535
5546,2903,8449
4033,83,4116
9676,6780,16456
7228,1023,8251
5245,3362,8607
3124,9705,12829
4275,9279,13554
9763,2858,12621
5888,3305,9193
5045,5970,11015
9464,8046,17510
8315,8391,16706
5537,9297,14834
518,3796,4314
6440,6884,13324
2814,1081,3895
6437,3460,9897
9867,8267,18134
8977,2164,11141
915,3229,4144
868,1144,2012
2627,9961,12588
9160,1522,10682
9428,8458,17886
875,7413,8288
4689,7426,12115
5061,3441,8502
2820,7433,10253
6414,5802,12216
4340,5811,10151
1666,7360,9026
1646,6062,7708
5834,3110,8944
8885,9604,18489
1878,552,2430
3083,5118,8201
3606,5232,8838
544,8247,8791
835,2697,3532
1758,5999,7757
4690,4804,9494
7332,1959,9291
9016,2496,11512
5033,8040,13073
3459,2642,6101
4928,4709,9637
8352,5694,14046
3839,4105,7944
5892,1023,6915
7218,3988,11206
962,1410,2372
4701,9871,14572
2085,688,2773
5505,9332,14837
7689,4060,11749
5798,1009,6807
3730,2620,6350
9816,9938,19754
8554,7709,16263
8515,5814,14329
4426,3201,7627
6776,3692,10468
5285,4621,9906
2716,8889,11605
9629,2326,11955
2990,1243,4233
7498,1653,9151
7356,6852,14208
8173,7176,15349
3740,1748,5488
1821,3445,5266
1360,1541,2901
1944,4229,6173
2763,9846,12609
6761,5644,12405
4936,7211,12147
8630,4232,12862
1641,9572,11213
5215,6884,12099
2957,8708,11665
3389,5998,9387
1781,5600,7381
8126,9898,18024
1297,4337,5634
1705,9575,11280
6275,5475,11750
4910,1859,6769
6281,2213,8494
2296,9930,12226
5720,1107,6827
342,7553,7895
9082,2672,11754
1479,7467,8946
6937,8890,15827
6154,754,6908
7651,1575,9226
7224,71,7295
20,2854,2874
1529,1862,3391
5294,62,5356
3246,7283,10529
7420,6693,14113
6574,5961,12535
4421,2855,7276
7547,4803,12350
3333,9199,12532
6303,7809,14112
5464,531,5995
7859,3908,11767
7200,4468,11668
2586,1835,4421
1967,9230,11197
936,2222,3158
4369,7114,11483
2292,7735,10027
9395,4041,13436
6777,2188,8965
8438,4635,13073
7074,9348,16422
3137,5544,8681
4406,226,4632
5467,3504,8971
346,6198,6544
6104,6135,12239
5571,5382,10953
2107,4778,6885
2482,1517,3999
3774,9049,12823
4017,7640,11657
3020,1121,4141
7074,5134,12208
8670,5187,13857
3846,357,4203
4331,868,5199
3352,220,3572
2054,8584,10638
2832,9205,12037
9238,4622,13860
3661,5161,8822
8107,8322,16429
9101,176,9277
9225,7992,17217
8541,8230,16771
6876,8124,15000
7016,2807,9823
6056,2359,8415
131,9665,9796
2520,2567,5087
3645,3283,6928
5879,1628,7507
7338,3721,11059
7384,8286,15670
6144,97,6241
6575,4607,11182
6138,951,7089
4395,2725,7120
5901,9163,15064
3050,7468,10518
980,6508,7488
6726,3831,10557
1232,2369,3601
1951,9188,11139
9954,8236,18190
8493,1144,9637
8056,9353,17409
1196,1267,2463
6976,8706,15682
3910,4469,8379
9486,9134,18620
6804,4885,11689
1902,904,2806
7676,5523,13199
9509,7849,17358
4412,8787,13199
986,8291,9277
3844,730,4574
5308,7070,12378
4529,2181,6710
2893,1729,4622
8451,6320,14771
1784,2257,4041
5771,368,6139
7462,6785,14247
2272,3588,5860
9104,3161,12265
8939,7072,16011
6458,6297,12755
5986,4381,10367
8158,6827,14985
7162,6022,13184
9037,1304,10341
4297,9182,13479
6106,4523,10629
8441,8448,16889
479,9975,10454
6056,5266,11322
2883,9613,12496
4737,1538,6275
8157,9292,17449
9138,4175,13313
3814,740,4554
8950,9418,18368
6439,4099,10538
6046,6165,12211
2883,2723,5606
6099,2814,8913
8764,6128,14892
3182,3404,6586
7140,420,7560
6957,9269,16226
3918,5836,9754
2824,8838,11662
5162,9728,14890
3276,2723,5999
1294,2368,3662
338,9884,10222
2413,1064,3477
6479,8067,14546
5725,3182,8907
8479,3920,12399
4476,7573,12049
4091,7113,11204
5554,5646,11200
2408,6552,8960
3101,2259,5360
1035,6978,8013
4280,7766,12046
1486,9398,10884
8166,1393,9559
6022,604,6626
242,1408,1650
5713,181,5894
1460,1407,2867
5657,7385,13042
3719,9957,13676
5956,1522,7478
3829,7521,11350
7567,7003,14570
9542,4883,14425
5406,8464,13870
9003,9401,18404
9115,6045,15160
4039,9535,13574
6714,6028,12742
2865,1046,3911
4506,7317,11823
3008,795,3803
7276,3665,10941
8707,8801,17508
2484,5172,7656
7369,8484,15853
4760,9538,14298
6508,2615,9123
470,375,845
6718,6447,13165
9518,8481,17999
6597,7608,14205
6133,2344,8477
8519,9517,18036
964,8907,9871
7137,440,7577
6073,3855,9928
3363,8717,12080
1826,2558,4384
1176,1504,2680
9439,9574,19013
1937,8072,10009
8136,7193,15329
3187,8637,11824
5900,9470,15370
9951,336,10287
7408,7703,15111
6643,3343,9986
382,3187,3569
8743,2285,11028
5339,9626,14965
7592,9468,17060
8799,1902,10701
4416,5301,9717
3112,403,3515
3787,1086,4873
4389,841,5230
1443,6964,8407
902,254,1156
644,4551,5195
3612,1876,5488
6473,461,6934
2475,1314,3789
5712,9157,14869
1522,3831,5353
9132,2452,11584
1158,1939,3097
9278,8707,17985
3203,805,4008
703,9277,9980
2697,6820,9517
7666,465,8131
163,6119,6282
920,8421,9341
4673,6440,11113
4459,2903,7362
9131,7915,17046
2718,9833,12551
8431,6905,15336
8305,586,8891
4159,25,4184
6692,2658,9350
1385,134,1519
5096,3849,8945
7177,6800,13977
5916,5106,11022
3186,5627,8813
7826,8120,15946
1475,5904,7379
4014,6920,10934
2473,8599,11072
751,1474,2225
9285,4356,13641
8691,4797,13488
3213,7525,10738
2765,8092,10857
7152,4516,11668
5624,1658,7282
9687,3839,13526
8134,411,8545
1039,3121,4160
7361,2547,9908
7750,7388,15138
1683,6709,8392
4182,2565,6747
2360,6594,8954
6334,7452,13786
577,1862,2439
1475,5119,6594
4803,393,5196
6324,7690,14014
997,4084,5081
2672,8964,11636
9026,6162,15188
8043,5486,13529
3848,9384,13232
9952,2021,11973
2830,1234,4064
3457,401,3858
851,4099,4950
8512,5371,13883
615,6093,6708
4138,7218,11356
654,4882,5536
5752,8692,14444
946,8424,9370
7254,7882,15136
9085,1893,10978
8922,8676,17598
8275,317,8592
7146,1704,8850
1759,9275,11034
8125,80,8205
4744,6781,11525
7934,8680,16614
6318,167,6485
402,1402,1804
2104,815,2919
5471,3680,9151
5509,1549,7058
3992,7181,11173
2158,1788,3946
365,925,1290
4445,9255,13700
7005,5595,12600
4919,2098,7017
8796,1681,10477
4606,6399,11005
2881,9599,12480
7093,6038,13131
8793,2929,11722
4435,1187,5622
7183,2815,9998
8578,4829,13407
4149,6140,10289
4523,6064,10587
4192,6132,10324
3873,406,4279
9501,6420,15921
5592,4406,9998
3007,3075,6082
2690,1485,4175
6126,2924,9050
4463,7905,12368
7310,1130,8440
1395,287,1682
7992,7847,15839
2088,8927,11015
739,1676,2415
9325,7648,16973
3955,224,4179
9073,3455,12528
3697,8801,12498
3447,4757,8204
1909,7489,9398
9716,9455,19171
7235,9618,16853
8747,3401,12148
3431,7618,11049
5522,2590,8112
1794,8546,10340
8581,3493,12074
6252,1915,8167
5424,5450,10874
1714,4577,6291
6142,5920,12062
2538,7230,9768
3601,2784,6385
6141,2748,8889
485,7700,8185
3046,5613,8659
8822,7867,16689
6425,7479,13904
6123,5599,11722
6740,6362,13102
1268,4102,5370
7005,9323,16328
2133,448,2581
1846,7475,9321
365,8861,9226
8528,1513,10041
7121,6209,13330
9626,1103,10729
3518,4032,7550
2310,7168,9478
4630,5716,10346
1999,1303,3302
6565,367,6932
3596,5855,9451
1967,1479,3446
4600,31,4631
5302,4251,9553
9560,6006,15566
630,9309,9939
9990,5984,15974
5548,3105,8653
7151,9545,16696
5832,9211,15043
5841,51,5892
8315,8213,16528
7906,5049,12955
4856,5708,10564
4770,4606,9376
8913,2464,11377
7766,6489,14255
9486,6306,15792
8359,790,9149
8370,5566,13936
6804,1605,8409
2882,395,3277
3182,2081,5263
2476,2217,4693
7828,2816,10644
3976,2807,6783
735,395,1130
6709,706,7415
4344,6807,11151
8070,3151,11221
298,4107,4405
8284,4812,13096
2215,98,2313
3443,2617,6060
7290,3465,10755
5064,419,5483
5416,3828,9244
511,4778,5289
2626,3606,6232
7796,5383,13179
8591,3583,12174
2490,8177,10667
9661,6231,15892
3868,4705,8573
3770,1257,5027
755,5251,6006
7339,3826,11165
826,9964,10790
6313,9186,15499
515,3978,4493
8637,247,8884
5130,8902,14032
3928,2470,6398
1491,9505,10996
8349,7178,15527
3113,5930,9043
8916,6674,15590
4268,9796,14064
9435,7478,16913
3398,444,3842
993,5814,6807
9003,901,9904
3695,5180,8875
1976,7192,9168
3278,8914,12192
9384,7654,17038
2975,1026,4001
4408,6972,11380
9223,9222,18445
8163,5631,13794
8505,7491,15996
3332,167,3499
5051,3678,8729
7564,1974,9538
9879,952,10831
7068,3840,10908
6123,8788,14911
8121,2457,10578
721,5107,5828
8674,9901,18575
8296,5369,13665
3276,9528,12804
1829,8779,10608
9056,499,9555
8831,3382,12213
3152,7664,10816
7863,7522,15385
1298,3077,4375
854,1100,1954
4146,423,4569
6851,3990,10841
8222,5074,13296
5391,2746,8137
5959,676,6635
231,3470,3701
8138,3807,11945
9988,9173,19161
6464,4138,10602
4187,2587,6774
9630,8598,18228
1650,5208,6858
5410,7600,13010
1275,8319,9594
5953,1829,7782
3301,9473,12774
4152,5556,9708
783,3652,4435
5138,6901,12039
2652,4565,7217
3215,8400,11615
1950,7188,9138
2446,2212,4658
2469,7686,10155
4911,6565,11476
8600,9744,18344
6332,2218,8550
7413,5720,13133
7523,9934,17457
305,1179,1484
299,9074,9373
9177,1315,10492
4756,7283,12039
3143,3481,6624
1804,5629,7433
6449,3768,10217
7147,102,7249
4012,8699,12711
9464,3668,13132
8716,4384,13100
374,8842,9216
5031,9474,14505
5317,4261,9578
391,7374,7765
5738,9504,15242
8376,3298,11674
1840,6735,8575
5106,7289,12395
6618,3644,10262
4275,1493,5768
5067,1683,6750
1833,5538,7371
7917,8159,16076
9129,340,9469
8079,7989,16068
9137,7626,16763
7918,9769,17687
3258,8482,11740
9968,5202,15170
271,2818,3089
7062,4056,11118
6119,1356,7475
5068,9309,14377
9069,3679,12748
5924,6799,12723
8267,2628,10895
5537,1477,7014
7470,7573,15043
2419,6361,8780
1664,3497,5161
2304,6866,9170
1539,4018,5557
1392,2872,4264
1890,181,2071
9035,1373,10408
2664,1107,3771
6730,8436,15166
3043,2909,5952
1171,5389,6560
8115,1111,9226
5639,1711,7350
8649,9873,18522
9662,886,10548
6775,2350,9125
6130,4127,10257
4951,3320,8271
1349,4369,5718
1057,5721,6778
985,6493,7478
3994,8007,12001
7369,9261,16630
1026,3760,4786
661,8047,8708
6513,6750,13263
6272,1721,7993
6370,7840,14210
2161,5940,8101
3453,7408,10861
8979,6194,15173
7656,4283,11939
5576,4295,9871
3319,4307,7626
5918,3520,9438
4783,1611,6394
7651,1089,8740
9723,8699,18422
9879,6586,16465
4030,9617,13647
6204,418,6622
2341,6860,9201
3867,1014,4881
5229,9831,15060
1368,1660,3028
714,3826,4540
6373,1018,7391
1993,2062,4055
5117,2382,7499
9796,492,10288
6556,959,7515
4524,3036,7560
9947,5340,15287
8748,7350,16098
3952,9256,13208
1918,4429,6347
2402,3107,5509
8870,9174,18044
3098,2166,5264
3003,7436,10439
9686,848,10534
2518,8647,11165
58,7420,7478
5259,3341,8600
8002,3991,11993
5189,7078,12267
2916,5197,8113
601,6160,6761
1467,7011,8478
6142,1219,7361
9862,8788,18650
9722,5984,15706
4688,2280,6968
3869,1133,5002
7284,1867,9151
2017,5694,7711
3174,7795,10969
9698,637,10335
6712,4938,11650
1560,6276,7836
172,5254,5426
8595,7648,16243
5408,2118,7526
783,6908,7691
2844,1487,4331
23,8204,8227
1945,2849,4794
9865,4663,14528
9025,8319,17344
9107,6850,15957
9197,9881,19078
8128,3413,11541
6001,1142,7143
6661,8648,15309
6917,185,7102
4680,8700,13380
7377,231,7608
6835,4164,10999
1932,2981,4913
8042,4156,12198
806,754,1560
7857,2522,10379
7037,5771,12808
5096,8937,14033
4334,7050,11384
8184,3569,11753
9643,9363,19006
5398,1459,6857
9964,7374,17338
4924,4565,9489
7021,3757,10778
1142,864,2006
8061,4680,12741
7946,9086,17032
778,8594,9372
9974,2931,12905
1740,8408,10148
7496,9987,17483
6317,5593,11910
4015,9401,13416
3897,7255,11152
6981,9527,16508
3176,8180,11356
8921,5502,14423
6306,6825,13131
9881,4869,14750
1589,4076,5665
7078,8246,15324
2821,3128,5949
9691,8838,18529
3469,766,4235
2681,8429,11110
1083,6779,7862
4222,2905,7127
6460,1053,7513
172,1285,1457
1825,8319,10144
3187,9079,12266
2618,463,3081
9760,3356,13116
6174,7019,13193
7212,6924,14136
8228,9041,17269
2876,9249,12125
7505,8050,15555
6331,4602,10933
6488,7989,14477
2663,9014,11677
5924,8981,14905
3530,4442,7972
8640,5259,13899
9956,2771,12727
1596,8154,9750
4383,5416,9799
2210,4461,6671
9907,7269,17176
8753,6520,15273
7788,8081,15869
1552,3029,4581
2206,3699,5905
2556,1348,3904
5113,3201,8314
3636,3220,6856
7222,2298,9520
4727,42,4769
679,1339,2018
6263,5163,11426
7129,4190,11319
3831,5652,9483
9247,8653,17900
6530,9137,15667
840,6989,7829
2399,8825,11224
6088,4972,11060
8334,4756,13090
8230,6085,14315
6514,3713,10227
5721,589,6310
6382,9259,15641
191,6695,6886
3465,1175,4640
5966,543,6509
3551,7588,11139
9516,7516,17032
8377,7464,15841
861,4788,5649
2424,6298,8722
4513,120,4633
4541,3456,7997
6349,6377,12726
7043,4380,11423
6716,479,7195
3767,6291,10058
4351,970,5321
2428,7001,9429
7531,6732,14263
7655,7015,14670
2331,2455,4786
4201,502,4703
3267,2717,5984
8314,5357,13671
5355,5391,10746
6487,4034,10521
3187,6842,10029
2480,3520,6000
9536,6374,15910
5068,7245,12313
6769,6114,12883
6014,6984,12998
8746,9504,18250
9149,7796,16945
5567,8472,14039
8194,1528,9722
2522,9646,12168
2068,6574,8642
1437,1828,3265
5485,573,6058
7057,7586,14643
9345,9719,19064
8872,7511,16383
1470,5338,6808
1676,1789,3465
2959,2928,5887
6409,2754,9163
306,3516,3822
8312,6349,14661
4669,8586,13255
7205,492,7697
9046,2743,11789
7738,7520,15258
4527,4534,9061
4666,6837,11503
4219,5977,10196
9159,6958,16117
708,6599,7307
4169,5211,9380
4958,4080,9038
8460,1419,9879
3490,4624,8114
6218,9158,15376
8155,1252,9407
3541,4245,7786
6215,8313,14528
7902,7412,15314
7476,3488,10964
1179,7711,8890
4216,3805,8021
787,3570,4357
5422,9993,15415
2169,6773,8942
8676,6040,14716
1210,1623,2833
7114,1265,8379
4529,7007,11536
8066,4172,12238
9477,9906,19383
8893,979,9872
5093,594,5687
6773,2775,9548
7238,9592,16830
2307,8588,10895
4617,8908,13525
151,6257,6408
7051,5848,12899
7139,2661,9800
8309,868,9177
5600,1751,7351
1537,4913,6450
9335,4698,14033
2203,1945,4148
9549,7364,16913
4031,7158,11189
9527,8347,17874
7014,620,7634
4882,9541,14423
5484,9003,14487
8712,7772,16484
4356,7214,11570
2876,2129,5005
5107,3226,8333
6462,5357,11819
8077,6893,14970
8175,7535,15710
9867,3038,12905
1505,5936,7441
4687,4599,9286
2843,5832,8675
8303,8999,17302
726,2041,2767
8557,6970,15527
7289,7742,15031
9901,1834,11735
9796,8925,18721
4190,458,4648
1447,8306,9753
8960,8113,17073
4112,6244,10356
6631,7976,14607
9200,2041,11241
6648,6309,12957
2698,6290,8988
6978,2269,9247
9881,8880,18761
1347,9172,10519
7038,1697,8735
3474,1664,5138
4610,2612,7222
2821,9328,12149
8104,962,9066
7290,8369,15659
2507,1936,4443
7881,7727,15608
9782,5231,15013
7338,5797,13135
4997,9624,14621
5819,2433,8252
2900,4509,7409
3512,2670,6182
8349,4314,12663
9184,7479,16663
3342,3887,7229
2021,8947,10968
6669,592,7261
50,7620,7670
9375,3827,13202
963,4070,5033
8255,3144,11399
8940,4780,13720
6319,2496,8815
352,5794,6146
84,8627,8711
1608,488,2096
7029,2377,9406
8205,1422,9627
2517,9163,11680
4636,4359,8995
5904,8140,14044
7640,669,8309
8668,6372,15040
9902,8905,18807
5234,3002,8236
6129,5489,11618
998,3285,4283
3010,2659,5669
9730,2107,11837
1515,3161,4676
9370,9900,19270
701,2065,2766
8764,2161,10925
9543,1534,11077
4811,3186,7997
4144,9155,13299
3069,1600,4669
5507,6289,11796
2628,8979,11607
1250,2713,3963
1297,1376,2673
5964,1256,7220
7787,1176,8963
9268,4783,14051
8472,3777,12249
7486,8070,15556
3873,5054,8927
336,8116,8452
2512,4370,6882
4330,5429,9759
2940,4468,7408
4922,9393,14315
4104,8137,12241
4167,6797,10964
2715,881,3596
1435,8220,9655
3652,3296,6948
8584,7508,16092
4608,5284,9892
6107,8916,15023
4904,8395,13299
8336,8535,16871
4162,8277,12439
2592,3033,5625
9098,5288,14386
3023,5589,8612
2173,6044,8217
774,3539,4313
2030,6328,8358
7729,4979,12708
4274,8566,12840
4199,9537,13736
9210,320,9530
5849,8250,14099
1649,6802,8451
1185,3725,4910
5674,9614,15288
5358,6558,11916
1802,6803,8605
1738,5179,6917
3143,8392,11535
9925,844,10769
5287,9060,14347
1840,5346,7186
6845,3474,10319
4508,3695,8203
414,8892,9306
2517,7499,10016
372,392,764
134,7338,7472
7801,7091,14892
3614,8203,11817
628,5696,6324
2285,5740,8025
7915,2451,10366
8820,9039,17859
732,7271,8003
2453,7434,9887
716,8375,9091
9653,4728,14381
3478,3892,7370
8753,1473,10226
511,4831,5342
5716,7530,13246
1708,3742,5450
4188,1622,5810
8692,5807,14499
2636,7164,9800
2356,4749,7105
9700,4719,14419
4020,5786,9806
9071,40,9111
5926,3075,9001
5609,3150,8759
5947,769,6716
3381,1907,5288
7043,2567,9610
348,5935,6283
4229,4479,8708
8987,4525,13512
3372,8556,11928
3914,4859,8773
9417,2043,11460
1323,728,2051
6110,3539,9649
1588,3067,4655
7569,7080,14649
4213,198,4411
4205,685,4890
5192,8199,13391
4006,7983,11989
8318,2840,11158
7350,1083,8433
3969,6704,10673
8330,2025,10355
7242,5208,12450
9397,894,10291
631,6569,7200
1538,1744,3282
1968,5958,7926
6337,1447,7784
8727,6651,15378
3472,4735,8207
4215,6601,10816
7201,619,7820
7192,6150,13342
9458,9535,18993
4407,9765,14172
3360,9185,12545
8715,2313,11028
5185,1750,6935
9844,2552,12396
6587,9617,16204
1707,2526,4233
2144,6295,8439
8145,697,8842
3444,9118,12562
7504,4570,12074
1687,1911,3598
578,7195,7773
5014,8086,13100
6448,1741,8189
280,810,1090
6051,4157,10208
408,6516,6924
2670,6980,9650
5184,728,5912
2497,3353,5850
278,9289,9567
525,1935,2460
3528,2264,5792
8069,7352,15421
9654,7407,17061
3154,8647,11801
8370,6131,14501
7405,9226,16631
2434,8843,11277
1983,426,2409
5770,9596,15366
711,8684,9395
3760,666,4426
9221,3415,12636
5065,4805,9870
1867,3435,5302
391,2887,3278
8876,4315,13191
8554,2542,11096
3013,5820,8833
2215,112,2327
4818,1131,5949
4130,606,4736
9942,7345,17287
6364,3557,9921
5669,6849,12518
7717,5391,13108
6754,1894,8648
8870,926,9796
9374,4788,14162
3404,5720,9124
1337,8682,10019
6124,2162,8286
1391,3044,4435
5856,2152,8008
2180,1110,3290
1652,2635,4287
3953,2781,6734
7964,8365,16329
4829,4640,9469
9629,3050,12679
338,4810,5148
7222,9693,16915
7184,4636,11820
4117,946,5063
1498,9485,10983
4183,1985,6168
5127,4734,9861
781,9533,10314
9476,3299,12775
9497,9757,19254
4265,2041,6306
8416,230,8646
4600,6885,11485
3337,5231,8568
7642,3145,10787
1597,9479,11076
7290,6660,13950
2825,1780,4605
9626,5838,15464
4396,7843,12239
1420,5545,6965
635,8166,8801
9527,7998,17525
2699,5665,8364
8559,3333,11892
9479,4595,14074
1845,8161,10006
4580,3388,7968
5511,6175,11686
2973,1551,4524
1062,2489,3551
8960,9011,17971
2688,2532,5220
7173,7245,14418
1710,5468,7178
722,5241,5963
1340,6894,8234
8850,1981,10831
6799,2269,9068
1200,6384,7584
2795,8725,11520
1320,9259,10579
5763,5172,10935
6410,1866,8276
6774,7383,14157
3298,6620,9918
8613,8411,17024
7179,6363,13542
5938,2673,8611
3354,5932,9286
9525,6001,15526
5687,337,6024
5901,478,6379
845,7208,8053
2075,472,2547
8637,4186,12823
482,8793,9275
2273,332,2605
3870,7816,11686
3447,9298,12745
2281,4901,7182
487,3926,4413
7977,2587,10564
2029,6404,8433
84,7214,7298
3512,9645,13157
7419,6856,14275
1145,4056,5201
1452,6807,8259
2766,7736,10502
4444,1797,6241
3852,284,4136
4030,1343,5373
3615,2034,5649
3345,5906,9251
1036,9574,10610
4510,2258,6768
7,7038,7045
1366,1133,2499
8778,5803,14581
1563,9654,11217
1116,9484,10600
5649,3560,9209
3085,6929,10014
9672,1582,11254
4540,4804,9344
6914,9631,16545
8994,6546,15540
7941,6545,14486
8433,645,9078
6706,8808,15514
3915,5366,9281
8884,1807,10691
8950,5261,14211
1125,5642,6767
9156,9188,18344
5426,6053,11479
7502,1508,9010
7058,3479,10537
2595,9016,11611
9575,1270,10845
3754,2512,6266
5119,5090,10209
1598,2189,3787
5368,3106,8474
6988,2328,9316
7141,2435,9576
5764,5475,11239
1131,8932,10063
671,1014,1685
8259,810,9069
8866,3272,12138
2153,4560,6713
642,6078,6720
8377,4018,12395
7803,6554,14357
8156,666,8822
9055,516,9571
1014,8827,9841
1091,2011,3102
6214,6843,13057
9540,5381,14921
74,2428,2502
4590,3497,8087
4881,6587,11468
6481,7610,14091
6839,2184,9023
4630,3213,7843
5015,8727,13742
6576,2460,9036
4794,8470,13264
1257,9051,10308
8314,9032,17346
1930,6503,8433
5432,2510,7942
9148,2379,11527
8301,9697,17998
7382,7443,14825
9590,1906,11496
8426,1078,9504
7205,1213,8418
3075,5881,8956
277,9064,9341
3419,184,3603
9982,4259,14241
3230,2539,5769
8272,2293,10565
3145,2677,5822
7102,2009,9111
7135,1626,8761
5578,6311,11889
9232,4479,13711
7993,9310,17303
7449,8755,16204
3006,9093,12099
6314,1765,8079
1696,1976,3672
7247,9764,17011
3258,9145,12403
8391,9322,17713
4510,8687,13197
9522,4854,14376
2558,8883,11441
3038,4753,7791
472,6529,7001
3119,652,3771
5472,509,5981
7307,4166,11473
420,949,1369
5726,5367,11093
3758,236,3994
7124,1441,8565
5136,1692,6828
6756,1262,8018
1431,467,1898
5583,4130,9713
4109,306,4415
2906,3282,6188
530,8144,8674
7295,6229,13524
2110,8619,10729
9716,9161,18877
7408,9183,16591
1975,5452,7427
7043,4415,11458
1652,8527,10179
466,5172,5638
3848,8495,12343
2703,1884,4587
1310,8794,10104
9301,3264,12565
1970,2814,4784
3473,9380,12853
4777,1585,6362
3318,597,3915
6075,2230,8305
8419,9110,17529
4328,3080,7408
6568,2989,9557
2477,1069,3546
5953,9861,15814
8071,1670,9741
2403,891,3294
4018,274,4292
4873,6695,11568
5913,1950,7863
6669,5705,12374
133,7352,7485
7549,1303,8852
1035,7418,8453
4556,2844,7400
2164,5210,7374
9999,7195,17194
7750,5660,13410
504,1804,2308
4546,1572,6118
5531,8624,14155
4851,6720,11571
2033,6203,8236
347,159,506
3671,6208,9879
138,3508,3646
6938,2289,9227
9591,6917,16508
5542,4493,10035
4206,1950,6156
7462,1379,8841
9503,1137,10640
9137,9444,18581
5654,5313,10967
8702,1803,10505
9935,4926,14861
4388,342,4730
8978,5517,14495
5873,6083,11956
709,9706,10415
8385,6396,14781
3878,9848,13726
1404,703,2107
2396,3784,6180
8742,809,9551
9903,3056,12959
9923,1351,11274
1087,4180,5267
4318,1214,5532
665,2264,2929
8441,7172,15613
3703,1010,4713
323,6358,6681
6999,3564,10563
6002,3035,9037
4286,7244,11530
9348,652,10000
1556,9897,11453
5328,8871,14199
6037,4248,10285
195,1527,1722
1249,446,1695
262,183,445
9002,2509,11511
3040,1515,4555
2127,1649,3776
38,8952,8990
3041,316,3357
8737,4060,12797
5769,13,5782
7684,775,8459
4646,3571,8217
8085,97,8182
7796,7953,15749
8494,936,9430
3265,1921,5186
3498,3279,6777
3853,8842,12695
4693,1003,5696
7450,8025,15475
599,6365,6964
1819,3437,5256
5805,3468,9273
5582,3163,8745
4575,2346,6921
2145,8730,10875
6445,6009,12454
4257,5435,9692
2934,8014,10948
3288,7541,10829
657,9352,10009
9946,6591,16537
304,6594,6898
8636,1337,9973
5721,364,6085
4634,5517,10151
3468,661,4129
4328,9404,13732
9763,3487,13250
2138,5835,7973
5312,1679,6991
5481,7301,12782
652,1280,1932
4318,6324,10642
2476,7194,9670
4475,2301,6776
878,3223,4101
5032,2361,7393
6235,7431,13666
4838,5802,10640
9632,4710,14342
8773,3404,12177
6812,4712,11524
1215,3654,4869
7778,4493,12271
9798,727,10525
9317,7216,16533
3852,8995,12847
3274,6866,10140
6635,8831,15466
7583,206,7789
4903,3821,8724
1675,8262,9937
3694,53,3747
8500,6218,14718
4783,2392,7175
5941,1762,7703
1734,586,2320
2106,5957,8063
4550,5872,10422
2803,6500,9303
2824,1776,4600
3145,9395,12540
6532,9304,15836
5205,5108,10313
3054,6977,10031
1420,6960,8380
2112,554,2666
9671,2545,12216
2581,6731,9312
1000,5519,6519
7241,6013,13254
3898,7112,11010
5645,73,5718
4136,1103,5239
3413,3364,6777
1746,4994,6740
1916,4775,6691
6632,262,6894
908,798,1706
5694,3143,8837
6786,1766,8552
2791,7547,10338
2400,2486,4886
6369,3651,10020
554,336,890
1454,2979,4433
6864,504,7368
2129,5668,7797
7337,9272,16609
7707,9866,17573
8448,3668,12116
5970,5845,11815
4729,8328,13057
7979,628,8607
6262,575,6837
9150,1961,11111
8927,5868,14795
1665,9577,11242
8641,2227,10868
5357,6584,11941
6700,8438,15138
5366,7909,13275
4322,2019,6341
6700,7955,14655
4954,2662,7616
8153,9557,17710
2574,255,2829
6846,3167,10013
7961,1145,9106
3154,9374,12528
151,5318,5469
8048,6053,14101
775,1954,2729
4125,3312,7437
3406,218,3624
3598,9612,13210
5856,8617,14473
7668,6420,14088
787,3432,4219
758,1018,1776
9470,7704,17174
5994,8229,14223
9001,3440,12441
273,631,904
5165,5661,10826
7672,2986,10658
739,2336,3075
3043,774,3817
287,838,1125
569,5101,5670
5731,4216,9947
4034,6788,10822
233,9638,9871
6196,5138,11334
7786,5396,13182
5380,4797,10177
6600,5256,11856
9599,8779,18378
8641,5782,14423
9420,7324,16744
9705,2064,11769
5777,5325,11102
5700,2889,8589
2972,3252,6224
3771,6623,10394
4187,7211,11398
7827,273,8100
8373,5745,14118
