1257,9289,10546
430,2454,2884
8188,970,9158
4985,1929,6914
3234,5523,8757
3748,7937,11685
3496,9534,13030
9693,8235,17928
2945,760,3705
1689,7204,8893
5414,1916,7330
3737,8115,11852
760,7166,7926
109,3861,3970
3216,9687,12903
5205,6926,12131
2186,5943,8129
4120,9033,13153
8132,7774,15906
8887,4773,13660
4794,6088,10882
6458,8043,14501
2788,402,3190
8251,4990,13241
5240,889,6129
9386,8034,17420
5733,42,5775
3023,8127,11150
5509,4344,9853
4459,6466,10925
7875,117,7992
2288,4255,6543
2051,5498,7549
8110,278,8388
7834,3424,11258
6669,1688,8357
5605,3857,9462
7897,1833,9730
309,5649,5958
4326,7356,11682
1065,4939,6004
6475,5925,12400
9302,43,9345
7412,1136,8548
9283,6510,15793
8900,8388,17288
7029,5225,12254
7199,6832,14031
2439,6023,8462
6021,292,6313
2617,7170,9787
5808,2492,8300
7602,1884,9486
6506,6635,13141
5039,9507,14546
9794,3368,13162
4213,8505,12718
2515,3612,6127
8187,1270,9457
3431,2286,5717
6371,223,6594
9330,5,9335
3124,3932,7056
3200,4850,8050
4385,4271,8656
345,2051,2396
380,9859,10239
2140,3866,6006
5959,379,6338
3186,1426,4612
9878,900,10778
9427,2391,11818
3488,3078,6566
3139,674,3813
8610,2266,10876
786,9380,10166
7765,1336,9101
6912,8315,15227
4366,2748,7114
1539,9220,10759
4927,9349,14276
1875,3665,5540
9892,8942,18834
350,5459,5809
572,7900,8472
1537,7386,8923
40,3905,3945
4745,1268,6013
1747,9040,10787
9307,5434,14741
3271,5168,8439
5454,530,5984
5154,2321,7475
9280,9237,18517
9501,2529,12030
3634,4068,7702
7765,3883,11648
1890,4895,6785
7820,1252,9072
3132,5748,8880
7130,5805,12935
7758,4698,12456
9544,3730,13274
8052,1257,9309
8525,5708,14233
6520,5297,11817
1810,3897,5707
8122,6620,14742
3185,2269,5454
5554,6454,12008
5041,9655,14696
1046,9464,10510
5247,4303,9550
6413,3149,9562
9125,5745,14870
1487,8630,10117
9950,3260,13210
372,5479,5851
4320,5977,10297
4317,1481,5798
91,5123,5214
4065,6253,10318
3455,7760,11215
1720,486,2206
1582,1283,2865
6282,7251,13533
844,6306,7150
6943,2167,9110
4775,6916,11691
483,1424,1907
791,2351,3142
8494,1348,9842
8992,7672,16664
4302,5098,9400
2891,6915,9806
2565,3767,6332
93,481,574
5957,17,5974
4099,7784,11883
8568,8415,16983
4158,6526,10684
9012,162,9174
3549,3842,7391
3232,9055,12287
9167,3279,12446
8144,8898,17042
3482,5692,9174
4628,258,4886
1203,6648,7851
7195,5770,12965
4617,1096,5713
3012,1582,4594
4074,324,4398
3230,2528,5758
5037,9981,15018
700,9818,10518
7427,928,8355
5039,2442,7481
9567,8634,18201
7475,1352,8827
5356,8772,14128
7916,8526,16442
9519,72,9591
4322,5155,9477
9053,7786,16839
9985,9389,19374
9987,5412,15399
172,9715,9887
2224,6430,8654
480,7694,8174
6438,1112,7550
1675,9898,11573
2501,8540,11041
1726,1371,3097
1614,4888,6502
8394,5857,14251
5474,9596,15070
7954,6619,14573
4863,2209,7072
4344,2001,6345
4144,9758,13902
7065,5974,13039
2084,4823,6907
4036,5775,9811
377,6883,7260
8079,7130,15209
86,319,405
2481,9399,11880
965,101,1066
697,8321,9018
1036,8171,9207
3882,3352,7234
2482,5235,7717
3594,2870,6464
6690,9951,16641
9477,2731,12208
2355,6966,9321
951,4363,5314
8206,1027,9233
7860,3994,11854
8669,222,8891
1264,8030,9294
5056,6667,11723
120,113,233
5448,7279,12727
193,7373,7566
4548,2084,6632
2998,5158,8156
431,3046,3477
4386,7467,11853
7548,7736,15284
7648,2257,9905
5422,1575,6997
6069,6003,12072
5589,4783,10372
2215,5666,7881
4100,3171,7271
5474,598,6072
3664,8852,12516
9833,655,10488
7103,9336,16439
2113,4365,6478
2579,2161,4740
8341,6859,15200
3604,3764,7368
3559,3999,7558
8591,4690,13281
2389,5248,7637
8888,3409,12297
2229,7744,9973
7730,906,8636
5680,2047,7727
3214,414,3628
532,3515,4047
2365,2731,5096
6278,1766,8044
8045,47,8092
7805,4889,12694
7544,5590,13134
3337,6844,10181
4325,3703,8028
7780,1799,9579
2293,6840,9133
4552,9100,13652
5329,1941,7270
1792,3532,5324
4365,8190,12555
1353,5322,6675
5741,2344,8085
3322,5314,8636
8249,1098,9347
5261,7041,12302
9215,6707,15922
926,5638,6564
6439,6079,12518
5337,9677,15014
1692,1660,3352
5157,1809,6966
236,9845,10081
7258,601,7859
6366,6652,13018
4386,9078,13464
2016,6744,8760
4025,5547,9572
9750,2702,12452
2323,6180,8503
8841,6509,15350
3902,6246,10148
4823,8020,12843
5655,6640,12295
7137,8993,16130
2086,3676,5762
920,3778,4698
3343,4405,7748
2098,3319,5417
9712,976,10688
5809,3563,9372
9608,5873,15481
5678,514,6192
9017,3056,12073
3704,9658,13362
6219,5774,11993
2252,3786,6038
8375,8872,17247
8592,3716,12308
4888,2808,7696
610,5548,6158
3025,7244,10269
7964,6539,14503
2447,3227,5674
7678,3869,11547
2546,3022,5568
130,9718,9848
163,866,1029
3625,956,4581
4274,2332,6606
5717,573,6290
2695,9056,11751
5199,2755,7954
3921,7118,11039
6322,4374,10696
164,3945,4109
2416,9608,12024
11,5539,5550
6184,8863,15047
1735,1531,3266
667,5887,6554
9182,1308,10490
1923,1336,3259
4897,5458,10355
1513,9388,10901
477,9934,10411
4581,9730,14311
665,3765,4430
7531,9155,16686
2609,1229,3838
1880,2321,4201
3533,6148,9681
5741,9246,14987
570,6531,7101
6031,728,6759
6009,6563,12572
3650,8477,12127
8055,1143,9198
568,7546,8114
6102,240,6342
9863,2112,11975
5719,8813,14532
9602,8636,18238
6817,4612,11429
1640,5554,7194
1917,4513,6430
4855,3832,8687
8605,6598,15203
4267,5372,9639
161,2456,2617
6165,6726,12891
9002,128,9130
1799,2323,4122
601,1687,2288
6182,9121,15303
9149,115,9264
545,5152,5697
8593,8507,17100
7593,5264,12857
1009,7216,8225
7599,7694,15293
8920,4991,13911
2835,6174,9009
5939,849,6788
4793,7735,12528
4592,3783,8375
8107,1459,9566
1782,7942,9724
7457,8257,15714
6124,6719,12843
4939,6585,11524
7634,2222,9856
8032,6192,14224
8441,8474,16915
7295,2350,9645
9363,4978,14341
1983,3233,5216
3777,9184,12961
6189,8087,14276
8695,1056,9751
2049,4290,6339
8551,7435,15986
9120,1946,11066
2291,1658,3949
8566,2053,10619
2027,5907,7934
7090,1586,8676
2398,4959,7357
3101,9465,12566
2363,3475,5838
7017,1191,8208
8576,6881,15457
2114,5191,7305
5321,7085,12406
4564,2772,7336
5650,9236,14886
3492,4175,7667
1105,898,2003
5120,2836,7956
218,4412,4630
7642,2947,10589
9724,1293,11017
5290,5737,11027
8424,5840,14264
3520,9586,13106
6724,5443,12167
6234,5929,12163
5351,9259,14610
6394,4287,10681
1467,1663,3130
604,8570,9174
4533,3032,7565
568,8592,9160
1004,7422,8426
8126,1545,9671
1348,5575,6923
8274,3134,11408
6972,4981,11953
1672,2336,4008
9171,122,9293
2400,5482,7882
8418,4830,13248
6780,4882,11662
5685,4753,10438
9562,8901,18463
3192,143,3335
5635,325,5960
5483,4139,9622
5976,937,6913
6534,8687,15221
8093,6534,14627
8743,851,9594
68,968,1036
3318,3829,7147
5430,7229,12659
560,8517,9077
6819,6350,13169
4801,3154,7955
5462,8187,13649
8880,7655,16535
5487,2815,8302
1628,4678,6306
518,182,700
6253,2795,9048
2631,664,3295
1278,9659,10937
7725,4859,12584
2403,7395,9798
2913,4101,7014
5554,9534,15088
6687,5153,11840
5925,9811,15736
2903,3526,6429
566,8299,8865
5471,646,6117
4805,5290,10095
4619,334,4953
6302,3412,9714
622,5273,5895
1772,9289,11061
8110,9225,17335
4358,1177,5535
3880,339,4219
4916,2527,7443
6434,3002,9436
1267,4055,5322
1031,2609,3640
8128,366,8494
9792,7087,16879
5345,4270,9615
3554,575,4129
4656,618,5274
7959,1135,9094
2682,7875,10557
2876,4364,7240
7147,6256,13403
1135,1666,2801
1331,1520,2851
7769,518,8287
9797,9938,19735
5700,6831,12531
8844,8391,17235
2229,9477,11706
4575,8709,13284
6657,8024,14681
4379,5123,9502
1555,609,2164
313,23,336
5716,2813,8529
7000,6297,13297
6205,7199,13404
835,9510,10345
662,2745,3407
4813,661,5474
7849,3580,11429
1500,3413,4913
5055,8529,13584
4485,4371,8856
8313,2626,10939
506,3757,4263
1939,9741,11680
1480,1693,3173
8294,6714,15008
7534,6652,14186
6691,4359,11050
6052,7910,13962
929,9251,10180
4914,1984,6898
614,6735,7349
2573,731,3304
5938,9088,15026
8124,6760,14884
8399,3290,11689
8453,5448,13901
8994,6924,15918
8217,9499,17716
717,9520,10237
8810,194,9004
2461,1886,4347
6625,4827,11452
1602,195,1797
5819,5200,11019
3857,4754,8611
5482,5443,10925
1871,4539,6410
3398,6121,9519
7505,1927,9432
4777,4906,9683
4172,1551,5723
1216,7618,8834
676,708,1384
7650,2809,10459
1891,5164,7055
6909,3072,9981
5336,1865,7201
8653,8402,17055
4131,6993,11124
5099,193,5292
9050,1207,10257
1256,7766,9022
9426,8212,17638
5513,1298,6811
4978,6635,11613
2794,359,3153
4415,1073,5488
6456,5857,12313
1432,4008,5440
3154,2576,5730
280,235,515
1461,1223,2684
9347,8736,18083
1162,2769,3931
4849,8328,13177
7829,1579,9408
102,9639,9741
4171,1521,5692
8884,5153,14037
8842,223,9065
7689,175,7864
4793,8245,13038
2743,9213,11956
6224,9269,15493
4660,657,5317
9594,7669,17263
5914,1326,7240
6551,7737,14288
6638,5015,11653
8685,3230,11915
1318,6061,7379
7471,6129,13600
9281,3715,12996
8444,5671,14115
2723,77,2800
3753,609,4362
9494,748,10242
5896,2995,8891
4427,7809,12236
8406,271,8677
1628,3982,5610
2362,5187,7549
3923,9009,12932
7787,9219,17006
1478,2617,4095
507,6039,6546
4408,7099,11507
7121,2262,9383
7770,1390,9160
899,1949,2848
6441,1461,7902
1526,408,1934
9061,9613,18674
5391,792,6183
533,8618,9151
3747,2491,6238
1170,9154,10324
4643,7146,11789
4985,2372,7357
1360,4649,6009
1719,4133,5852
4308,3693,8001
4217,5623,9840
4022,5292,9314
775,4839,5614
1747,8700,10447
4186,943,5129
1586,4414,6000
5059,6446,11505
3899,8416,12315
1472,5924,7396
8371,6936,15307
7299,6867,14166
6856,7692,14548
912,6951,7863
6493,7178,13671
4346,1590,5936
6517,8493,15010
4520,2011,6531
8165,5781,13946
9068,5393,14461
9741,4475,14216
6769,158,6927
4704,7862,12566
1740,3659,5399
3461,2757,6218
52,8541,8593
9116,3299,12415
891,1134,2025
1174,1437,2611
5040,4531,9571
1506,2728,4234
8716,2792,11508
8618,8816,17434
5016,1542,6558
2044,842,2886
7356,1722,9078
5228,4233,9461
8998,2091,11089
8020,9258,17278
500,4294,4794
6566,3433,9999
4611,5751,10362
1364,9779,11143
3328,1611,4939
1886,4504,6390
3884,2803,6687
4998,3721,8719
8857,6962,15819
1864,7638,9502
7900,6088,13988
2006,7150,9156
9765,4281,14046
6082,2606,8688
7826,2939,10765
4652,6701,11353
7305,2340,9645
1301,8361,9662
2678,1420,4098
3113,4806,7919
8742,6148,14890
9212,9245,18457
5149,8005,13154
5635,5002,10637
8773,8019,16792
8117,4524,12641
3834,1186,5020
9253,5715,14968
1614,5400,7014
762,5447,6209
4631,9530,14161
6194,7105,13299
4883,1332,6215
1161,8117,9278
4457,5360,9817
5984,6842,12826
137,6191,6328
3733,4871,8604
4643,1566,6209
1572,8666,10238
2768,2262,5030
3756,9669,13425
8233,1486,9719
9929,9266,19195
9891,8881,18772
5877,4060,9937
345,1458,1803
7093,5065,12158
2565,9921,12486
452,9495,9947
4197,6313,10510
4561,629,5190
6905,9457,16362
1277,2880,4157
2911,6388,9299
4658,1052,5710
403,2058,2461
7158,7374,14532
4725,291,5016
9726,8382,18108
4130,9617,13747
1974,7004,8978
562,1610,2172
5702,5750,11452
7018,9430,16448
4840,3879,8719
4516,2319,6835
8585,4926,13511
9417,5853,15270
6689,3021,9710
2434,6784,9218
6567,3505,10072
591,7635,8226
9750,9576,19326
8169,7727,15896
1553,7745,9298
2516,6939,9455
8630,7292,15922
6736,8064,14800
1649,140,1789
2770,4228,6998
3406,7822,11228
7999,4299,12298
4938,606,5544
3495,1594,5089
1821,2613,4434
2621,2163,4784
2883,1988,4871
5010,7560,12570
6726,338,7064
4430,2913,7343
3292,159,3451
647,7726,8373
718,5385,6103
8902,2635,11537
9526,957,10483
1273,4389,5662
6957,5163,12120
1200,680,1880
54,1420,1474
8144,8661,16805
6407,2864,9271
427,6883,7310
6911,3588,10499
2560,5821,8381
2443,2964,5407
9791,1737,11528
8473,1622,10095
4010,2889,6899
7480,4079,11559
5800,9097,14897
9468,1507,10975
9964,3995,13959
1722,8644,10366
2142,4743,6885
5497,891,6388
5014,5141,10155
3032,7982,11014
4863,8653,13516
7065,7285,14350
7073,1457,8530
5834,2824,8658
6077,3341,9418
747,2065,2812
6291,892,7183
9046,6335,15381
8274,4377,12651
2281,3003,5284
2564,2948,5512
1426,7624,9050
7602,7085,14687
9350,1521,10871
8261,4278,12539
6020,6827,12847
5048,1668,6716
1977,4076,6053
7109,483,7592
4340,7861,12201
9993,9790,19783
8097,3356,11453
2049,1849,3898
6000,6281,12281
4319,6614,10933
1472,8199,9671
7782,5988,13770
2711,4568,7279
6637,3094,9731
7806,4309,12115
1804,4655,6459
4010,6059,10069
2103,1703,3806
2871,2792,5663
3996,263,4259
9132,6643,15775
9354,8935,18289
3981,2011,5992
5378,4651,10029
1190,113,1303
5152,2509,7661
8244,1100,9344
3709,6084,9793
3736,2736,6472
2799,356,3155
5177,962,6139
3540,4606,8146
551,8622,9173
2189,9521,11710
1073,7471,8544
7265,7242,14507
5343,5881,11224
4001,8171,12172
4363,7755,12118
2117,9916,12033
4008,5125,9133
2789,6885,9674
1503,6438,7941
2583,164,2747
3703,820,4523
5765,2428,8193
4867,7419,12286
8310,1699,10009
4977,5280,10257
2339,208,2547
3725,9714,13439
1277,4015,5292
3121,4401,7522
9405,1795,11200
3987,666,4653
3310,773,4083
7374,8646,16020
5542,6457,11999
7947,847,8794
1088,1352,2440
5115,62,5177
5901,6844,12745
8228,8942,17170
2652,8054,10706
1869,5587,7456
955,4498,5453
3421,5568,8989
8963,1964,10927
4893,6229,11122
698,3226,3924
3998,9727,13725
9817,6722,16539
2564,1978,4542
9539,1616,11155
4208,8827,13035
2725,6547,9272
1506,4920,6426
5704,4958,10662
3681,3049,6730
8849,5042,13891
57,2857,2914
4932,5362,10294
1178,7595,8773
3916,7381,11297
1877,602,2479
1224,1571,2795
6053,7708,13761
9427,6682,16109
5773,6443,12216
1520,3363,4883
6903,1590,8493
8830,6364,15194
8479,8024,16503
7456,9040,16496
787,3566,4353
1316,9038,10354
9667,5793,15460
1223,7222,8445
6384,7342,13726
6135,2532,8667
2624,3579,6203
455,916,1371
386,755,1141
2246,9316,11562
2157,885,3042
6117,2799,8916
946,5219,6165
7750,1628,9378
4126,6145,10271
2964,3430,6394
7681,6432,14113
1488,5403,6891
5601,4749,10350
5840,3517,9357
9201,6200,15401
6245,6075,12320
7869,7521,15390
3400,8632,12032
4072,4883,8955
1705,7658,9363
2945,5707,8652
3412,9505,12917
1460,4871,6331
9113,610,9723
5845,5167,11012
4224,5418,9642
7381,401,7782
9288,5137,14425
5610,5788,11398
9687,4570,14257
1230,9276,10506
3043,9170,12213
6067,1805,7872
53,43,96
4606,6349,10955
4615,702,5317
7352,9111,16463
9753,5873,15626
9292,8100,17392
3175,9304,12479
6773,8719,15492
7348,5328,12676
7305,7156,14461
6914,6027,12941
7663,7802,15465
2672,3374,6046
587,6585,7172
9073,6313,15386
7090,7621,14711
1466,379,1845
6803,2515,9318
8311,9137,17448
6510,6618,13128
6861,604,7465
8267,7622,15889
4045,2826,6871
8016,2618,10634
1234,1867,3101
504,9591,10095
8011,53,8064
9853,6148,16001
7495,2526,10021
941,7181,8122
9153,9562,18715
6416,9776,16192
4135,9862,13997
6695,4988,11683
8046,837,8883
7714,2379,10093
7903,5010,12913
4697,6448,11145
640,9613,10253
6952,8771,15723
823,9801,10624
2365,716,3081
3960,8942,12902
4495,3394,7889
4036,6004,10040
4862,3535,8397
6149,4003,10152
2763,3167,5930
474,9351,9825
9007,4314,13321
5965,904,6869
6986,3462,10448
2741,2287,5028
9468,8358,17826
4854,2530,7384
274,9052,9326
1307,3010,4317
5347,3348,8695
8506,294,8800
8455,7850,16305
5380,5231,10611
5160,1178,6338
1440,5256,6696
4769,5958,10727
7282,7845,15127
4478,5316,9794
680,8920,9600
6973,7754,14727
244,4149,4393
3618,5268,8886
9221,772,9993
2616,7100,9716
8491,7673,16164
1158,9483,10641
6388,4818,11206
9260,3397,12657
6050,6022,12072
1183,8216,9399
9449,1644,11093
4775,985,5760
3401,5231,8632
2942,2051,4993
392,9044,9436
5099,1259,6358
6756,2780,9536
6606,5246,11852
6488,4565,11053
2794,4480,7274
6389,1923,8312
7502,1405,8907
3226,7717,10943
9293,7636,16929
8906,9413,18319
2758,7916,10674
1417,4570,5987
5761,8423,14184
7908,3016,10924
9286,4419,13705
5708,8063,13771
709,9113,9822
9876,6033,15909
858,8789,9647
8741,5614,14355
8098,191,8289
6043,8377,14420
1186,7946,9132
1306,2171,3477
3677,4008,7685
7270,3500,10770
55,6083,6138
2688,1678,4366
4157,7554,11711
3891,2691,6582
9976,545,10521
6943,4737,11680
9449,2056,11505
1471,8684,10155
5317,5064,10381
4084,7349,11433
7176,3263,10439
6494,4907,11401
4375,5271,9646
9651,5916,15567
3231,1665,4896
1362,5939,7301
1361,361,1722
7436,5194,12630
9380,5950,15330
7192,4936,12128
7457,3618,11075
396,4125,4521
8944,928,9872
7159,390,7549
9025,2926,11951
9625,1095,10720
3054,8999,12053
7827,5740,13567
1244,3579,4823
8319,6514,14833
1156,4390,5546
377,2024,2401
2332,9024,11356
1910,776,2686
3354,9125,12479
6016,5993,12009
5950,4636,10586
4882,9079,13961
2416,8185,10601
5757,80,5837
3822,4666,8488
2711,6691,9402
9493,8159,17652
1199,617,1816
3364,601,3965
7422,2201,9623
826,9977,10803
6691,3138,9829
2784,1681,4465
1081,4859,5940
395,3489,3884
8056,7496,15552
476,9737,10213
7404,2143,9547
4527,6464,10991
8042,811,8853
5993,1832,7825
9679,9733,19412
650,9708,10358
4009,382,4391
3671,4320,7991
7001,3071,10072
9421,6936,16357
2050,2130,4180
5753,8932,14685
6634,8240,14874
3665,6769,10434
6002,2868,8870
9411,810,10221
5800,6566,12366
7148,9925,17073
6392,1539,7931
3933,8592,12525
5497,4075,9572
2124,147,2271
991,8620,9611
9052,5165,14217
1450,5447,6897
6088,7424,13512
4417,6209,10626
5208,5631,10839
3383,8265,11648
466,3551,4017
951,1114,2065
1856,1880,3736
3994,9829,13823
5156,8401,13557
9840,8967,18807
3743,3750,7493
3391,6494,9885
3445,4707,8152
9431,3130,12561
2364,3057,5421
3943,7532,11475
6780,1613,8393
9410,6570,15980
243,3955,4198
4734,4239,8973
6420,6345,12765
1237,987,2224
579,2500,3079
1635,2491,4126
9215,8613,17828
3921,3825,7746
3435,6906,10341
5783,6909,12692
2374,1355,3729
9170,6306,15476
8196,3753,11949
7599,2991,10590
3247,6670,9917
5756,1798,7554
7530,9961,17491
5716,7071,12787
2042,1648,3690
6253,3992,10245
4952,2147,7099
6296,611,6907
8681,496,9177
4672,9606,14278
1453,6061,7514
8400,310,8710
2876,8199,11075
4701,1795,6496
6782,1563,8345
7565,8953,16518
8166,5245,13411
835,5137,5972
5488,6308,11796
3404,6178,9582
9247,94,9341
6261,849,7110
6188,2952,9140
5552,1536,7088
8933,5671,14604
984,5319,6303
4781,267,5048
3145,903,4048
3900,80,3980
3296,657,3953
54,3812,3866
2012,3922,5934
3742,4823,8565
6107,318,6425
5839,2981,8820
9370,1110,10480
2806,2625,5431
6840,2612,9452
3794,4424,8218
7178,3570,10748
9474,8949,18423
3364,7305,10669
3691,6891,10582
7335,9421,16756
3516,1782,5298
133,7332,7465
8344,2792,11136
7047,7296,14343
2005,5162,7167
3260,6241,9501
6161,4765,10926
6284,9656,15940
4166,9553,13719
6355,3047,9402
3235,6561,9796
8283,3772,12055
71,1415,1486
7668,1262,8930
6960,7532,14492
7251,4099,11350
5591,5006,10597
3817,7123,10940
9748,9247,18995
3279,826,4105
2362,4061,6423
9847,405,10252
1272,5554,6826
1794,1474,3268
3176,5284,8460
2264,6405,8669
9454,7682,17136
427,4925,5352
3795,3591,7386
614,4135,4749
375,7334,7709
7062,7653,14715
6771,3065,9836
150,706,856
973,2671,3644
6483,364,6847
4673,2684,7357
1117,5019,6136
8466,291,8757
4568,8463,13031
7502,5242,12744
6188,2827,9015
6583,2291,8874
5570,7026,12596
5923,2805,8728
2994,4041,7035
8949,9024,17973
894,4958,5852
9521,6302,15823
2548,1020,3568
8900,8668,17568
5467,9178,14645
2520,3015,5535
3371,7403,10774
1893,7962,9855
3162,2590,5752
2110,2535,4645
771,3382,4153
717,7575,8292
8083,3311,11394
4529,2571,7100
8826,132,8958
8620,9876,18496
3858,6788,10646
9954,3388,13342
3727,8065,11792
2983,9360,12343
4773,9226,13999
9726,4403,14129
20,9884,9904
8152,9158,17310
3577,9100,12677
566,6596,7162
4677,5856,10533
2395,8578,10973
4651,5821,10472
8112,6264,14376
1886,2081,3967
2005,9675,11680
1375,3009,4384
4896,7137,12033
2375,2286,4661
7158,1287,8445
6560,7889,14449
571,9510,10081
5968,4250,10218
2945,8823,11768
5341,4215,9556
8475,8820,17295
310,432,742
8119,3891,12010
6645,3106,9751
8110,1488,9598
8656,6248,14904
782,4323,5105
8472,4259,12731
958,8694,9652
3559,1980,5539
9953,303,10256
2003,8251,10254
9156,2189,11345
8198,3716,11914
966,4457,5423
8010,4324,12334
374,4333,4707
4856,9248,14104
2036,8720,10756
4688,9991,14679
1523,8158,9681
2945,7559,10504
5603,8424,14027
6261,8673,14934
8303,2202,10505
8204,1373,9577
9702,2284,11986
1548,2949,4497
5573,5877,11450
9823,2589,12412
9461,8236,17697
7423,3791,11214
868,5850,6718
9402,3469,12871
6308,1362,7670
4962,141,5103
2167,6501,8668
284,8185,8469
2129,4052,6181
2686,9352,12038
9110,1704,10814
5137,6212,11349
9715,3689,13404
247,8531,8778
8184,1317,9501
1275,897,2172
3702,3517,7219
6943,3229,10172
7600,5640,13240
4351,915,5266
4295,6113,10408
7472,7238,14710
5551,4566,10117
107,7731,7838
1968,3897,5865
5887,2096,7983
8680,5438,14118
230,5563,5793
1463,1159,2622
5591,286,5877
3919,1397,5316
9791,4093,13884
2769,9470,12239
3289,3370,6659
4494,6470,10964
1198,4096,5294
3966,6287,10253
534,9142,9676
6620,5396,12016
2021,928,2949
8331,573,8904
5763,5532,11295
6556,8337,14893
7592,3933,11525
7125,4266,11391
116,3569,3685
9292,3118,12410
6854,2616,9470
9400,9278,18678
6783,7913,14696
9331,2529,11860
6780,3646,10426
2875,5404,8279
2525,5553,8078
6824,7240,14064
7032,9593,16625
5635,5082,10717
8392,2860,11252
5354,947,6301
1504,5737,7241
466,4379,4845
828,849,1677
2751,1084,3835
2617,5882,8499
6287,5337,11624
8640,5356,13996
1599,8369,9968
4321,5827,10148
5721,2813,8534
1951,3934,5885
2079,7856,9935
7529,982,8511
5347,2079,7426
5891,9216,15107
1716,8974,10690
5752,1530,7282
8676,5235,13911
5022,4741,9763
3854,5589,9443
6685,6479,13164
3247,4682,7929
2231,7850,10081
5673,8099,13772
6203,148,6351
1295,6858,8153
3834,5011,8845
2515,7984,10499
8026,3643,11669
4625,8904,13529
8724,1375,10099
9107,4538,13645
7051,3118,10169
5910,3792,9702
7473,8206,15679
7023,5641,12664
4158,4419,8577
9725,7502,17227
15,7495,7510
6334,9571,15905
6395,1147,7542
8889,7125,16014
435,759,1194
5353,6414,11767
3463,3444,6907
1954,8308,10262
7913,9565,17478
4778,3462,8240
4210,6692,10902
2270,1132,3402
9327,3289,12616
4298,4945,9243
3173,4025,7198
187,1202,1389
7065,3483,10548
520,4512,5032
1946,2969,4915
9366,4521,13887
4967,5491,10458
2284,8385,10669
2852,5268,8120
370,7101,7471
4067,6125,10192
3497,912,4409
6091,1672,7763
3773,8245,12018
2717,3388,6105
2218,5969,8187
5624,1716,7340
8916,5907,14823
9444,3198,12642
2677,8267,10944
1930,3561,5491
153,2784,2937
9117,6142,15259
6042,1389,7431
8592,2116,10708
2427,4058,6485
2238,8045,10283
7711,8064,15775
7329,2776,10105
1730,4599,6329
9365,5391,14756
5330,3576,8906
285,2495,2780
9967,1608,11575
3701,2099,5800
4220,7063,11283
6720,9090,15810
6395,1299,7694
2919,1954,4873
315,9580,9895
3806,8316,12122
9237,3139,12376
5055,470,5525
813,9094,9907
2552,6973,9525
8227,808,9035
5066,3381,8447
7671,1350,9021
7253,117,7370
7755,1800,9555
3049,5219,8268
86,9029,9115
388,9919,10307
9655,3742,13397
3737,7569,11306
4119,1408,5527
2823,5213,8036
9024,766,9790
8000,8672,16672
6258,487,6745
1526,5228,6754
2730,2746,5476
4248,2566,6814
7326,7428,14754
1608,9683,11291
3697,1580,5277
6036,2780,8816
9645,9195,18840
8380,7035,15415
7430,577,8007
6184,8952,15136
7323,5102,12425
2011,4777,6788
9863,2988,12851
8230,9475,17705
6861,3098,9959
112,2982,3094
6240,172,6412
977,5683,6660
8266,2191,10457
8282,6797,15079
34,6233,6267
3509,4962,8471
336,872,1208
5048,8536,13584
1742,1252,2994
3299,3891,7190
8915,1060,9975
6238,2364,8602
2634,4403,7037
9890,10,9900
4452,9496,13948
443,3872,4315
5799,5468,11267
8447,2550,10997
896,6464,7360
4042,5849,9891
3735,5290,9025
71,310,381
4636,4154,8790
422,838,1260
1942,1493,3435
7876,6175,14051
4599,1915,6514
7589,2933,10522
1949,6519,8468
4228,4833,9061
6044,2147,8191
1659,8481,10140
6897,5137,12034
7280,312,7592
8709,6416,15125
7275,8373,15648
3537,1382,4919
4759,3787,8546
1695,184,1879
6997,1081,8078
7829,9467,17296
9494,6300,15794
8794,4260,13054
7830,3003,10833
2894,7865,10759
2468,9125,11593
7900,1925,9825
2797,1525,4322
1276,9816,11092
7900,8438,16338
8424,4076,12500
1458,6257,7715
6766,5827,12593
2928,6049,8977
6571,3333,9904
7011,579,7590
986,8607,9593
4218,454,4672
372,7387,7759
9972,2044,12016
8805,9680,18485
1507,4200,5707
1350,1668,3018
6571,9818,16389
7376,2584,9960
2339,2401,4740
7195,1632,8827
7527,5922,13449
3830,7282,11112
4653,5400,10053
5752,89,5841
4384,1814,6198
776,8313,9089
7234,4907,12141
1966,5384,7350
9845,5047,14892
606,8190,8796
1269,6596,7865
3142,1158,4300
1139,6671,7810
5829,6505,12334
9975,9569,19544
2438,8154,10592
1537,8314,9851
5088,4843,9931
5668,8408,14076
4522,4382,8904
6136,5925,12061
3329,8120,11449
4705,8647,13352
6272,6090,12362
8422,3362,11784
6362,9034,15396
8514,7492,16006
2979,2394,5373
1883,496,2379
6932,1174,8106
5013,9086,14099
9142,9015,18157
843,6401,7244
2556,6538,9094
571,5662,6233
7729,9948,17677
313,1561,1874
3281,9903,13184
9673,1367,11040
5532,9029,14561
9873,8676,18549
6088,4466,10554
2285,6397,8682
7699,1759,9458
8158,3467,11625
4137,8604,12741
2312,5569,7881
2048,294,2342
9744,7725,17469
4378,3859,8237
1708,529,2237
9705,5701,15406
8172,6258,14430
6990,6956,13946
7282,5710,12992
5699,3772,9471
5282,3514,8796
580,4372,4952
6857,9824,16681
3851,8313,12164
2509,7047,9556
6335,2104,8439
8754,3535,12289
7888,9121,17009
2362,1401,3763
2939,4457,7396
2415,5742,8157
5195,9500,14695
8545,9517,18062
2150,801,2951
7833,3808,11641
6310,5476,11786
2400,7602,10002
1478,5508,6986
9523,555,10078
3573,7315,10888
9271,8319,17590
1416,2720,4136
520,1428,1948
3651,2816,6467
3624,2345,5969
7087,3680,10767
4803,1184,5987
2584,4693,7277
9570,8237,17807
1794,378,2172
8023,310,8333
8475,6018,14493
6627,3102,9729
6253,530,6783
2269,8753,11022
9792,9293,19085
2229,3634,5863
6963,6538,13501
1861,7724,9585
5186,8575,13761
8044,8071,16115
600,8716,9316
8263,8169,16432
5035,9945,14980
6298,7901,14199
6260,1872,8132
7205,8528,15733
5099,6163,11262
5496,6576,12072
9458,2299,11757
9232,224,9456
5921,7947,13868
418,6936,7354
9905,5595,15500
6453,7490,13943
5382,7173,12555
5077,825,5902
4334,7077,11411
8245,9095,17340
5834,8613,14447
8185,6332,14517
6837,9855,16692
6918,6022,12940
4395,8423,12818
429,8658,9087
7116,7070,14186
845,9813,10658
3157,8170,11327
8515,8495,17010
7103,2835,9938
8961,7082,16043
7032,6901,13933
7849,6744,14593
6276,9274,15550
1335,2968,4303
248,1627,1875
9335,8261,17596
6117,6826,12943
7001,870,7871
8321,6689,15010
8552,8142,16694
4485,4824,9309
1747,3177,4924
7134,187,7321
4637,9943,14580
8370,1930,10300
8159,2419,10578
5190,9521,14711
4077,4557,8634
8921,5281,14202
3573,7777,11350
9680,3533,13213
2779,7496,10275
2459,9243,11702
3673,356,4029
1353,3729,5082
8801,2089,10890
8102,6905,15007
8281,2317,10598
7387,9197,16584
4571,4256,8827
2456,2764,5220
2121,4942,7063
1507,5349,6856
2021,5175,7196
5472,6779,12251
1490,4278,5768
5075,5519,10594
7145,5597,12742
6151,795,6946
4412,1649,6061
9811,742,10553
2994,9376,12370
7140,4131,11271
8057,3326,11383
6859,4882,11741
4445,3997,8442
5344,4461,9805
3160,2375,5535
3985,1313,5298
5110,2698,7808
6498,3792,10290
5909,2760,8669
5233,9681,14914
9654,8701,18355
8569,8259,16828
4682,2796,7478
6288,4530,10818
3390,7090,10480
3242,9446,12688
6967,6746,13713
111,5568,5679
8476,5609,14085
8514,416,8930
2239,6217,8456
4990,8106,13096
1453,4413,5866
3416,144,3560
9544,9839,19383
4848,869,5717
5659,2631,8290
8178,3424,11602
3556,3891,7447
2346,2229,4575
6308,1411,7719
3406,5141,8547
7432,8383,15815
9965,4734,14699
2673,4911,7584
4655,6174,10829
7034,2310,9344
4854,5734,10588
8284,2087,10371
5776,6057,11833
1582,3797,5379
4246,2347,6593
3045,3090,6135
595,7424,8019
8719,297,9016
8500,4204,12704
582,1974,2556
211,380,591
4715,8713,13428
7194,7727,14921
21,5460,5481
684,1167,1851
1087,5120,6207
3000,1738,4738
2564,5521,8085
4977,7758,12735
593,5207,5800
6492,842,7334
1262,8241,9503
1334,2220,3554
6769,3065,9834
6511,3757,10268
1423,7442,8865
5430,7717,13147
2473,2549,5022
5198,2888,8086
8171,8663,16834
3757,5753,9510
608,2816,3424
5001,2404,7405
2332,4983,7315
8294,9722,18016
9630,7676,17306
1246,295,1541
2821,6981,9802
5072,9665,14737
524,749,1273
7400,8499,15899
8775,9712,18487
4774,5499,10273
3304,9490,12794
1287,7325,8612
2901,1650,4551
5126,4714,9840
1916,7478,9394
3780,3630,7410
6805,393,7198
3141,286,3427
3987,6182,10169
7632,733,8365
496,1068,1564
1003,6660,7663
6263,3061,9324
233,3264,3497
1849,6609,8458
620,4854,5474
6179,9320,15499
6155,2157,8312
1552,2528,4080
4485,718,5203
5274,6997,12271
5601,4862,10463
5087,3584,8671
9616,1859,11475
875,1620,2495
5967,6790,12757
7059,1323,8382
6430,3333,9763
4236,3032,7268
6752,1143,7895
1896,9013,10909
6921,8840,15761
9259,8600,17859
7459,269,7728
8221,9617,17838
1067,6125,7192
5411,5188,10599
6436,5264,11700
5377,2306,7683
3655,3723,7378
8141,1867,10008
9169,3488,12657
6943,3662,10605
7408,3655,11063
1397,8864,10261
2340,6398,8738
8381,4567,12948
6939,5134,12073
3764,9495,13259
5773,2220,7993
7782,8448,16230
1041,5781,6822
6355,6223,12578
9930,788,10718
2674,7129,9803
1966,2366,4332
6955,3617,10572
8906,138,9044
2242,2690,4932
9052,4130,13182
5970,9071,15041
2768,9605,12373
2844,9651,12495
7669,1113,8782
7449,1295,8744
9304,7651,16955
459,7205,7664
3453,9835,13288
421,13,434
2543,9362,11905
7035,7875,14910
6453,2594,9047
6130,2577,8707
7814,5628,13442
6041,1653,7694
8484,7659,16143
1676,6371,8047
2569,3602,6171
8600,709,9309
7331,3330,10661
9912,7356,17268
5865,6092,11957
2168,3014,5182
4915,8799,13714
9127,8786,17913
7324,777,8101
9824,4248,14072
5663,7506,13169
1056,3237,4293
2471,7276,9747
2566,1439,4005
1025,3647,4672
5035,936,5971
9025,470,9495
1327,3431,4758
7824,1355,9179
661,8598,9259
7606,2429,10035
5743,8558,14301
3702,7569,11271
9896,709,10605
6731,7604,14335
966,6300,7266
5332,5425,10757
5753,5069,10822
7717,158,7875
7420,8017,15437
1359,4777,6136
204,3125,3329
3429,1249,4678
2309,9655,11964
8086,9915,18001
5380,2918,8298
5587,4738,10325
5286,4399,9685
4239,153,4392
8480,5782,14262
5985,9727,15712
4845,7550,12395
5522,3489,9011
9440,9206,18646
2040,506,2546
6993,9557,16550
766,5200,5966
8434,1784,10218
3058,6727,9785
8359,6853,15212
7976,1632,9608
2869,6030,8899
2483,8199,10682
307,1826,2133
4403,2734,7137
921,4014,4935
6931,4373,11304
7578,4614,12192
6389,9164,15553
9283,7368,16651
5476,6193,11669
5305,8994,14299
5418,8402,13820
4194,4065,8259
7186,8314,15500
7969,1217,9186
665,5668,6333
2365,9744,12109
5092,5788,10880
9414,8212,17626
1242,8652,9894
5070,5633,10703
5329,8535,13864
5123,2116,7239
5108,8734,13842
7502,6331,13833
4754,1316,6070
1652,703,2355
8879,8462,17341
7836,3915,11751
4035,2470,6505
3956,1721,5677
8782,2623,11405
4971,7424,12395
643,8425,9068
5212,7689,12901
4934,1931,6865
4949,9471,14420
4146,694,4840
1540,1503,3043
1667,2183,3850
7173,9208,16381
5008,345,5353
88,8152,8240
896,5148,6044
9315,2143,11458
8488,188,8676
7560,6821,14381
1456,7559,9015
693,2275,2968
3602,553,4155
7248,5291,12539
8716,7681,16397
6549,8706,15255
8543,9390,17933
6548,9391,15939
6060,6852,12912
5243,7348,12591
2305,6082,8387
6633,2540,9173
1790,5370,7160
4286,7663,11949
2479,2488,4967
7299,570,7869
461,9936,10397
8012,4507,12519
4538,2370,6908
6565,426,6991
1628,3490,5118
9614,9587,19201
7032,2103,9135
6505,451,6956
916,2710,3626
3598,7687,11285
5850,2328,8178
7929,4072,12001
1361,5803,7164
6791,9330,16121
338,268,606
537,5064,5601
8988,8842,17830
1325,2818,4143
7318,3873,11191
5974,9829,15803
5484,4692,10176
9710,6943,16653
4200,6463,10663
3782,6546,10328
9796,8622,18418
5988,8994,14982
1198,4312,5510
4254,4753,9007
6831,9950,16781
1324,8169,9493
9910,1126,11036
8361,8008,16369
3493,3087,6580
8807,3766,12573
5443,6976,12419
2325,4594,6919
4531,5920,10451
3406,8055,11461
8912,6664,15576
5080,7995,13075
1809,4791,6600
8686,3949,12635
2711,2853,5564
618,3140,3758
3123,1872,4995
7114,740,7854
4814,1790,6604
584,4017,4601
1958,9987,11945
3605,4384,7989
758,3477,4235
2969,7906,10875
9138,3501,12639
3598,4258,7856
2250,2003,4253
8956,468,9424
2575,162,2737
7721,3578,11299
3565,6388,9953
1815,1695,3510
9028,8093,17121
8242,6559,14801
2017,4689,6706
4764,4900,9664
664,6083,6747
2466,5023,7489
6987,907,7894
3424,1400,4824
6611,7852,14463
1882,695,2577
5751,3536,9287
4872,2065,6937
2087,8902,10989
9621,1255,10876
2646,3677,6323
9520,208,9728
3997,8500,12497
6127,1308,7435
1665,4553,6218
934,5449,6383
2180,392,2572
1055,2156,3211
8799,5601,14400
2710,2857,5567
1434,9867,11301
1259,7020,8279
9171,5362,14533
2677,6701,9378
9341,8154,17495
9028,946,9974
1819,1258,3077
2765,3941,6706
4045,553,4598
6714,3481,10195
1563,247,1810
3251,1309,4560
4834,3308,8142
5842,2093,7935
8262,1215,9477
8794,1183,9977
7895,1143,9038
4824,1784,6608
6195,3723,9918
1726,5062,6788
5872,2527,8399
9217,646,9863
411,8412,8823
3609,2288,5897
1396,1622,3018
2038,9019,11057
7075,1947,9022
5372,3700,9072
985,7819,8804
9640,8152,17792
7130,6545,13675
1616,2770,4386
6138,6513,12651
263,7771,8034
6321,5321,11642
2646,9454,12100
3154,7087,10241
1826,7319,9145
9246,8863,18109
8359,1742,10101
8630,5922,14552
1745,8719,10464
4544,4195,8739
846,3128,3974
9308,4343,13651
3418,1783,5201
3784,1414,5198
61,6399,6460
9860,4494,14354
2662,3190,5852
8219,5062,13281
2988,6551,9539
5801,9986,15787
1959,5674,7633
530,2132,2662
4497,695,5192
969,5013,5982
335,9377,9712
9497,8984,18481
4221,2441,6662
6182,3042,9224
2786,8295,11081
3171,8476,11647
9648,850,10498
3995,720,4715
460,4567,5027
3956,2354,6310
4385,1789,6174
4788,1721,6509
7264,5557,12821
5081,8395,13476
442,3865,4307
1917,7943,9860
4559,6314,10873
3683,7031,10714
2341,2662,5003
6404,1227,7631
1085,3313,4398
3876,7556,11432
5712,6919,12631
6610,9614,16224
7968,3598,11566
6604,3055,9659
7487,3212,10699
5914,2439,8353
9022,4160,13182
7094,619,7713
6907,1985,8892
7000,2099,9099
5418,5705,11123
3487,9977,13464
7172,5512,12684
4233,633,4866
4719,5326,10045
4495,7596,12091
8886,7755,16641
1959,289,2248
3597,7508,11105
8375,351,8726
2488,9441,11929
5568,8522,14090
4881,7046,11927
5540,2590,8130
9621,7691,17312
9620,1745,11365
6149,7371,13520
2065,7593,9658
864,9613,10477
9533,7794,17327
8997,5188,14185
9914,7796,17710
8967,9275,18242
3873,7192,11065
84,1474,1558
8603,4399,13002
5165,666,5831
9698,1362,11060
4766,3494,8260
2778,7003,9781
6082,4030,10112
6811,1313,8124
4815,402,5217
6885,499,7384
8513,2990,11503
4005,1484,5489
7313,7655,14968
396,2464,2860
3476,2346,5822
9669,9214,18883
9477,6451,15928
9774,7918,17692
18,7731,7749
4277,8150,12427
8920,562,9482
3895,2207,6102
867,353,1220
8775,2307,11082
2040,9041,11081
9075,976,10051
1259,7754,9013
2937,7439,10376
5748,222,5970
3910,8319,12229
2611,4379,6990
9840,3185,13025
981,9554,10535
4303,2058,6361
9791,4272,14063
5558,2133,7691
2422,3407,5829
5668,9287,14955
5810,6460,12270
2620,9526,12146
9858,3178,13036
778,1419,2197
6146,3753,9899
5282,5116,10398
8109,8234,16343
8226,2398,10624
537,6919,7456
4741,310,5051
1435,5171,6606
1095,6393,7488
8624,7594,16218
2471,9989,12460
3113,6008,9121
4830,9412,14242
3933,9644,13577
9426,7788,17214
9714,7,9721
7486,2855,10341
519,6865,7384
227,8352,8579
9682,4279,13961
7211,9265,16476
9849,5428,15277
8216,1941,10157
1338,270,1608
2831,6798,9629
8126,7716,15842
669,6699,7368
2575,7882,10457
1066,3243,4309
3589,2447,6036
856,501,1357
2451,5325,7776
5745,9433,15178
6927,1264,8191
5588,5922,11510
9869,8926,18795
6729,2135,8864
5496,4025,9521
6036,117,6153
7954,7152,15106
589,7715,8304
4864,230,5094
237,9016,9253
9679,7498,17177
5258,1072,6330
1859,3609,5468
4638,2777,7415
4313,4544,8857
9128,366,9494
7361,1370,8731
4040,9597,13637
2468,980,3448
4093,1120,5213
6956,6185,13141
5505,4524,10029
899,5285,6184
5201,8391,13592
5451,4303,9754
8065,9860,17925
1374,3684,5058
953,291,1244
2232,2214,4446
8854,4847,13701
3649,9801,13450
8739,9813,18552
8194,4619,12813
8995,7935,16930
4436,9393,13829
8633,2288,10921
1891,1717,3608
5724,6824,12548
6317,5927,12244
9671,8551,18222
6451,2494,8945
8385,519,8904
9468,3602,13070
2412,4992,7404
4572,3307,7879
5647,7142,12789
515,2806,3321
2997,8897,11894
6838,8174,15012
8077,6512,14589
7380,3809,11189
9631,566,10197
8199,536,8735
6978,5897,12875
1791,4213,6004
9866,9083,18949
3838,1613,5451
7574,6261,13835
2106,5582,7688
516,8560,9076
4852,5426,10278
9865,2268,12133
6751,9267,16018
3720,2427,6147
5383,3976,9359
5211,5059,10270
5626,4069,9695
8480,5151,13631
4367,8947,13314
8647,7260,15907
1857,8860,10717
9253,2058,11311
7339,3444,10783
1922,9946,11868
2839,2815,5654
3332,9484,12816
5596,6043,11639
5947,432,6379
6362,2814,9176
4553,9242,13795
6539,578,7117
1120,4702,5822
9173,6091,15264
6396,4026,10422
8147,101,8248
4724,9342,14066
5873,9245,15118
7408,9348,16756
857,1157,2014
2567,7559,10126
746,3343,4089
6949,6598,13547
3103,6009,9112
9478,1190,10668
383,2089,2472
3977,7368,11345
4504,9597,14101
7056,4471,11527
2647,8860,11507
8418,650,9068
90,6937,7027
7100,7003,14103
5578,3572,9150
406,7882,8288
9383,3766,13149
4642,4280,8922
5929,3985,9914
5565,4026,9591
51,4106,4157
8554,9244,17798
9488,7175,16663
5281,4338,9619
5749,3870,9619
286,4396,4682
1926,968,2894
2937,6495,9432
825,529,1354
1167,9301,10468
3969,9948,13917
4054,9015,13069
5451,8503,13954
8401,6086,14487
8407,9653,18060
6257,1541,7798
8190,7274,15464
5532,3329,8861
1922,2920,4842
8043,706,8749
666,4426,5092
395,4020,4415
4749,2128,6877
3533,8117,11650
4099,1249,5348
1833,9530,11363
4154,6285,10439
6781,3479,10260
4671,8978,13649
9902,2198,12100
637,8094,8731
4668,1568,6236
862,145,1007
4495,6807,11302
5301,8340,13641
7472,1186,8658
7409,1896,9305
3257,4424,7681
4171,51,4222
6373,6616,12989
7652,6448,14100
2451,9136,11587
6590,2487,9077
7672,6391,14063
4614,2264,6878
612,4411,5023
386,9260,9646
5242,513,5755
3928,9115,13043
516,304,820
1786,4124,5910
6939,6254,13193
1005,4691,5696
44,4301,4345
9518,2993,12511
1591,4183,5774
6326,2517,8843
8018,9580,17598
75,6072,6147
1732,1601,3333
8170,8732,16902
4232,1131,5363
3006,1780,4786
4698,8781,13479
5501,1484,6985
4979,3681,8660
9348,1518,10866
4802,6492,11294
7218,3277,10495
8428,6870,15298
2532,4426,6958
6398,3950,10348
3783,8501,12284
1213,9671,10884
4948,8513,13461
6548,6900,13448
8997,8229,17226
1645,9242,10887
9511,6126,15637
3012,5857,8869
3886,1725,5611
2337,1582,3919
8468,398,8866
3476,5924,9400
7033,2833,9866
3417,1605,5022
3158,7474,10632
1354,8872,10226
3953,6196,10149
7410,7991,15401
240,4062,4302
2294,3253,5547
384,3234,3618
9598,6860,16458
3573,4720,8293
6105,2849,8954
668,2834,3502
4853,2815,7668
8480,4211,12691
5438,5635,11073
8601,9208,17809
2168,3507,5675
1450,8310,9760
1910,4279,6189
6902,1177,8079
7031,4154,11185
3915,979,4894
7149,2774,9923
1287,196,1483
5505,8574,14079
631,682,1313
1062,102,1164
4096,5140,9236
3633,3501,7134
5154,2633,7787
582,3011,3593
3585,8795,12380
5101,6323,11424
9130,5433,14563
6936,9559,16495
2513,5995,8508
703,4104,4807
8239,3722,11961
3795,7267,11062
7515,9535,17050
7765,2010,9775
1672,977,2649
4094,9090,13184
8415,281,8696
9300,5696,14996
4722,5081,9803
2160,5302,7462
6205,8346,14551
3274,494,3768
3466,1670,5136
2371,7789,10160
7480,9301,16781
7068,9278,16346
5152,9096,14248
549,4805,5354
8700,8737,17437
3245,9364,12609
1527,6496,8023
2697,231,2928
5146,6973,12119
7968,3186,11154
74,9258,9332
2347,6427,8774
5203,7856,13059
7638,2334,9972
2500,4142,6642
6906,4342,11248
3643,5438,9081
1867,7659,9526
9175,3497,12672
3581,1447,5028
4304,8690,12994
7211,3881,11092
6323,2062,8385
755,8425,9180
2421,1066,3487
3834,1146,4980
2006,4333,6339
1632,5092,6724
900,7548,8448
2,3116,3118
4044,7902,11946
8458,4568,13026
8207,8806,17013
4387,8356,12743
600,5616,6216
8351,9050,17401
1970,6797,8767
6836,4369,11205
7463,7436,14899
3052,4029,7081
3544,5792,9336
3971,7238,11209
7907,2231,10138
9943,7473,17416
796,6079,6875
8103,3742,11845
7668,9283,16951
1784,9762,11546
7040,2391,9431
2916,5140,8056
6756,3958,10714
4816,693,5509
9503,7243,16746
2240,4460,6700
2142,7487,9629
3010,4650,7660
3760,1113,4873
5130,4039,9169
1612,3434,5046
6217,1563,7780
8172,6845,15017
1455,2303,3758
340,8920,9260
6902,7266,14168
7506,3114,10620
8329,2679,11008
6668,2348,9016
4121,4506,8627
2416,8036,10452
4373,6591,10964
5452,4936,10388
4471,226,4697
5907,2039,7946
6598,7583,14181
4125,8681,12806
7734,338,8072
6202,6374,12576
5181,5556,10737
6331,8270,14601
2163,4945,7108
3732,584,4316
9584,1092,10676
519,8371,8890
1659,4194,5853
2930,7800,10730
5421,6201,11622
3485,8317,11802
8155,6111,14266
8424,6115,14539
8904,6887,15791
6401,3307,9708
6915,9105,16020
806,1697,2503
4900,7236,12136
4369,7433,11802
1268,8265,9533
2144,7331,9475
3880,4677,8557
8280,8678,16958
4965,5990,10955
915,5161,6076
2134,6455,8589
4460,3395,7855
5058,3138,8196
2414,7374,9788
2940,2084,5024
2444,6732,9176
9764,4144,13908
3077,2947,6024
1115,853,1968
8525,2734,11259
2531,5311,7842
2707,2282,4989
1489,5783,7272
3425,9445,12870
7232,5540,12772
7454,1136,8590
4672,204,4876
7585,3408,10993
322,4884,5206
8234,1382,9616
1535,484,2019
5195,5810,11005
3990,7128,11118
2695,1865,4560
4782,408,5190
2895,8180,11075
2450,8473,10923
1997,176,2173
7066,3847,10913
7829,8242,16071
7967,2799,10766
6616,5634,12250
241,32,273
3384,3278,6662
2786,1102,3888
1946,8243,10189
962,1889,2851
521,5801,6322
1508,1723,3231
5495,8667,14162
2485,8485,10970
5030,3331,8361
8795,4087,12882
9057,1914,10971
3104,636,3740
4282,8255,12537
6248,2974,9222
8744,1622,10366
7297,9754,17051
4994,1909,6903
8077,5978,14055
6224,3009,9233
5069,7993,13062
253,9822,10075
6340,7872,14212
6581,3463,10044
4618,2529,7147
299,3626,3925
4601,8371,12972
7756,3219,10975
5490,8038,13528
9692,7920,17612
4226,7158,11384
5907,7459,13366
2381,4183,6564
8790,4712,13502
1161,4710,5871
745,1200,1945
6435,6039,12474
5783,9128,14911
7093,4917,12010
2194,9566,11760
1466,3571,5037
1784,8693,10477
5156,9695,14851
6481,3928,10409
760,1065,1825
6489,697,7186
9455,8096,17551
1367,3360,4727
7784,4477,12261
7485,7057,14542
28,9718,9746
1585,4749,6334
8822,3410,12232
1956,6190,8146
8568,3958,12526
1866,6425,8291
4196,8817,13013
9383,1659,11042
979,1642,2621
6039,3016,9055
6253,9858,16111
4360,2942,7302
9568,2754,12322
3797,6778,10575
5335,381,5716
4924,3522,8446
4317,7970,12287
9960,8265,18225
280,6711,6991
2605,7237,9842
242,8167,8409
4840,2839,7679
5815,617,6432
2143,7043,9186
6268,381,6649
1862,8442,10304
4077,2152,6229
2591,9694,12285
765,3952,4717
5910,8066,13976
8655,2273,10928
2657,536,3193
3884,7465,11349
5500,3136,8636
8743,5794,14537
1339,9992,11331
4864,6949,11813
3019,1859,4878
2390,7593,9983
693,6327,7020
1687,7404,9091
4146,5237,9383
1666,5922,7588
2827,7503,10330
6279,2526,8805
7031,588,7619
5637,9874,15511
4864,3150,8014
9290,7661,16951
8547,4258,12805
1693,1723,3416
8183,5263,13446
431,2812,3243
5480,2086,7566
131,8522,8653
7263,5667,12930
9760,7805,17565
112,6908,7020
3348,1133,4481
620,3227,3847
9020,7363,16383
6421,8489,14910
4003,8411,12414
9630,6632,16262
2781,4681,7462
7722,1904,9626
8782,5291,14073
7240,3430,10670
1370,6297,7667
8753,8670,17423
7588,5070,12658
50,9931,9981
5755,9257,15012
4594,7424,12018
2807,8024,10831
5107,4060,9167
7149,108,7257
7320,3330,10650
9606,1257,10863
6799,3899,10698
3404,8014,11418
8015,7959,15974
3463,9917,13380
5296,5626,10922
2697,7941,10638
1265,800,2065
2697,6010,8707
4105,5568,9673
3464,7149,10613
880,5343,6223
4361,7136,11497
2325,1972,4297
2472,4876,7348
4812,5655,10467
4687,1516,6203
7235,6484,13719
5171,3464,8635
5148,343,5491
8180,5292,13472
4483,4209,8692
7112,2428,9540
2311,9460,11771
640,3872,4512
5813,7668,13481
4647,9734,14381
7204,958,8162
9622,1631,11253
216,6510,6726
3148,8073,11221
2073,1665,3738
4628,7506,12134
3382,4147,7529
4942,773,5715
8589,312,8901
7968,8302,16270
2415,6616,9031
4023,5011,9034
7946,3932,11878
6053,6313,12366
1770,2105,3875
4282,2129,6411
3767,4002,7769
7476,7414,14890
9870,1008,10878
6772,4563,11335
5892,8487,14379
2843,5878,8721
8765,3264,12029
6604,9852,16456
8928,751,9679
5375,444,5819
5375,1534,6909
827,458,1285
7553,7769,15322
3711,8370,12081
3948,6789,10737
4870,2782,7652
4762,428,5190
6960,4456,11416
2533,9395,11928
7500,5044,12544
4763,2835,7598
4978,1497,6475
3585,7043,10628
3942,6233,10175
9950,8625,18575
9785,153,9938
1870,3718,5588
7778,1446,9224
6052,4347,10399
1760,7471,9231
1425,5767,7192
4841,8420,13261
359,2653,3012
965,845,1810
6579,5394,11973
6218,8519,14737
6044,6090,12134
8986,4271,13257
3343,5202,8545
8521,2024,10545
4239,141,4380
1710,2234,3944
3918,7886,11804
1873,3205,5078
4341,4745,9086
167,183,350
1853,9053,10906
3007,5634,8641
2425,8865,11290
2769,4429,7198
8726,6506,15232
3867,4282,8149
5278,9100,14378
7771,5298,13069
5392,6659,12051
7190,83,7273
5124,66,5190
6910,9699,16609
3021,7623,10644
2044,2477,4521
4332,918,5250
5046,8860,13906
8153,131,8284
911,126,1037
3577,2135,5712
7001,3997,10998
3956,2093,6049
1815,7913,9728
1062,9734,10796
123,1548,1671
5197,8450,13647
1972,339,2311
1102,9140,10242
9084,2890,11974
4113,438,4551
9929,7647,17576
9786,6853,16639
6248,1222,7470
1249,6523,7772
4965,8514,13479
206,9697,9903
3365,7376,10741
5736,2845,8581
9489,457,9946
7639,5447,13086
9696,8961,18657
9853,3705,13558
1236,8482,9718
7462,6781,14243
5583,2643,8226
8290,4864,13154
7344,2250,9594
6364,2012,8376
2098,5787,7885
1225,7915,9140
6803,2334,9137
9824,4716,14540
2990,6310,9300
6899,6424,13323
3349,8771,12120
7457,7121,14578
1040,7224,8264
6681,8864,15545
1878,4890,6768
5788,1919,7707
136,905,1041
9088,6356,15444
4316,1867,6183
464,6147,6611
2510,8574,11084
8515,7967,16482
4230,4750,8980
3276,5045,8321
1831,4657,6488
7051,1907,8958
3382,4880,8262
9709,5482,15191
6660,1565,8225
526,5554,6080
9876,889,10765
382,681,1063
4838,5536,10374
4627,528,5155
5590,7743,13333
1571,2868,4439
7475,504,7979
8347,9061,17408
717,1630,2347
4071,8006,12077
1966,8084,10050
1356,8144,9500
4208,4668,8876
109,3718,3827
3909,8837,12746
7773,3540,11313
8925,7761,16686
439,7433,7872
6830,9335,16165
7518,4989,12507
3894,1918,5812
3122,5039,8161
4699,7340,12039
6944,7006,13950
7154,7480,14634
3096,8827,11923
3440,5528,8968
55,3514,3569
4135,6188,10323
5332,2126,7458
3254,9015,12269
1908,4289,6197
116,6998,7114
4763,493,5256
4260,6945,11205
923,9390,10313
6036,4615,10651
4363,6546,10909
4046,1928,5974
5711,8676,14387
5425,8072,13497
5868,9990,15858
3096,6812,9908
4050,120,4170
8984,673,9657
857,6383,7240
7019,3552,10571
4199,6032,10231
4153,8969,13122
9859,7065,16924
8907,3314,12221
960,180,1140
9862,816,10678
1362,5906,7268
788,6290,7078
2009,2381,4390
2486,406,2892
8887,7914,16801
3252,875,4127
7040,9766,16806
2763,6773,9536
7682,5422,13104
9874,4527,14401
7493,5448,12941
3520,7767,11287
2764,2351,5115
7354,4434,11788
3429,335,3764
3701,2750,6451
4204,9161,13365
2566,6212,8778
3887,4041,7928
8366,4575,12941
8086,9778,17864
4866,4009,8875
9469,4927,14396
1776,2076,3852
2065,2020,4085
2890,2223,5113
7993,5433,13426
3403,7919,11322
8201,3264,11465
1358,4135,5493
1133,7618,8751
4336,6601,10937
5951,7590,13541
611,4013,4624
7871,763,8634
7307,3891,11198
4450,174,4624
9624,4377,14001
194,4982,5176
4135,965,5100
5866,6052,11918
1752,6373,8125
3974,7389,11363
155,4248,4403
2745,9881,12626
5340,1005,6345
1113,203,1316
1430,1347,2777
525,3056,3581
6383,5458,11841
438,9180,9618
6987,4165,11152
297,4454,4751
9479,1778,11257
6094,199,6293
7455,2773,10228
4094,4637,8731
2793,9937,12730
7571,1323,8894
3477,8634,12111
3271,3452,6723
5869,8428,14297
8263,9471,17734
1001,3674,4675
1150,4998,6148
5381,6463,11844
7774,9806,17580
9177,1587,10764
7725,8904,16629
9604,8745,18349
7638,5432,13070
6184,1548,7732
4376,8500,12876
369,2632,3001
8605,8303,16908
1002,2917,3919
1948,6943,8891
4586,4528,9114
9738,9688,19426
2562,804,3366
5280,3148,8428
7554,2713,10267
8013,4339,12352
1001,2523,3524
1615,3231,4846
1461,1458,2919
1204,8258,9462
2765,8468,11233
992,2633,3625
800,9315,10115
7657,3710,11367
9084,5247,14331
8947,8668,17615
7140,4088,11228
3935,6291,10226
7810,6063,13873
5713,865,6578
8847,207,9054
8881,6498,15379
6584,2935,9519
3538,4503,8041
2575,204,2779
9951,5311,15262
1541,6203,7744
201,4063,4264
8572,5693,14265
3511,1220,4731
1560,6674,8234
505,9903,10408
9833,9688,19521
4474,952,5426
8026,7981,16007
4821,238,5059
3910,9407,13317
769,6605,7374
6326,1128,7454
2091,5308,7399
3974,7121,11095
131,8322,8453
8709,4867,13576
1682,5649,7331
4254,493,4747
6523,838,7361
9840,2790,12630
5876,8611,14487
9620,1956,11576
1866,9865,11731
6697,8084,14781
2213,7341,9554
5366,6529,11895
7755,4083,11838
5279,590,5869
9030,6925,15955
974,7287,8261
9998,3458,13456
3817,6678,10495
9487,7972,17459
2449,4411,6860
198,8592,8790
3196,6011,9207
6449,4126,10575
8487,9988,18475
271,2613,2884
3601,1353,4954
9578,6525,16103
665,1509,2174
2769,1914,4683
9368,9758,19126
527,693,1220
5218,580,5798
1624,8794,10418
532,278,810
1342,8564,9906
8535,6861,15396
7319,8255,15574
6127,1340,7467
9703,4998,14701
1396,3259,4655
2110,8432,10542
851,5698,6549
7428,8385,15813
1368,4690,6058
5824,5233,11057
1235,2381,3616
9815,2993,12808
9431,7416,16847
8848,8588,17436
982,3262,4244
5769,9841,15610
6781,6776,13557
5712,3919,9631
1537,8722,10259
4117,831,4948
9681,1116,10797
5995,4343,10338
5711,2756,8467
1983,1248,3231
9512,3944,13456
9543,4066,13609
1473,4179,5652
3944,9441,13385
2375,3527,5902
7476,6831,14307
9888,9434,19322
616,2970,3586
5461,2881,8342
6647,2302,8949
5353,710,6063
3453,6793,10246
8395,5868,14263
9054,5912,14966
7577,4083,11660
1630,5406,7036
6965,806,7771
8327,2440,10767
4893,9401,14294
6318,612,6930
3780,309,4089
7282,5858,13140
5422,5947,11369
870,7484,8354
6786,4305,11091
4551,5978,10529
2352,7434,9786
7035,4030,11065
8247,8836,17083
7755,6647,14402
302,3541,3843
6106,1097,7203
3737,7080,10817
4072,4165,8237
2087,8177,10264
9561,8268,17829
1426,2640,4066
4675,6189,10864
3203,5102,8305
2106,9460,11566
6793,6645,13438
7019,4326,11345
5568,3695,9263
4202,5000,9202
7528,7814,15342
3219,1322,4541
892,910,1802
9116,4526,13642
5575,1511,7086
834,6744,7578
604,9388,9992
8305,2000,10305
7779,6331,14110
420,1070,1490
3998,5724,9722
4285,6660,10945
5733,2390,8123
5904,1466,7370
6382,2081,8463
4609,2763,7372
7961,6454,14415
341,6539,6880
2557,3571,6128
5997,1331,7328
2192,2522,4714
7760,7327,15087
5259,2677,7936
8854,8392,17246
3298,4258,7556
3093,1505,4598
3980,7432,11412
660,249,909
4478,8048,12526
9553,8008,17561
5738,9779,15517
3338,2190,5528
5928,3166,9094
5501,3724,9225
3130,3004,6134
5469,7042,12511
9404,9717,19121
6277,8280,14557
8421,7149,15570
6474,3098,9572
6768,6773,13541
8847,5097,13944
6585,8614,15199
1924,7166,9090
2641,3232,5873
5683,3744,9427
1516,7694,9210
9618,2321,11939
1452,2687,4139
8685,9818,18503
3765,9818,13583
296,4801,5097
419,87,506
2944,1436,4380
8658,1226,9884
4161,5019,9180
9779,8200,17979
8393,7833,16226
1443,7559,9002
6229,69,6298
7940,2951,10891
1571,558,2129
9812,683,10495
544,7627,8171
1164,8731,9895
4676,9375,14051
3205,295,3500
3535,2524,6059
2752,9234,11986
1902,817,2719
5276,7281,12557
5518,6036,11554
5398,3507,8905
3497,6563,10060
8250,1706,9956
8398,2085,10483
2058,3316,5374
4279,4566,8845
7996,8566,16562
1122,7666,8788
1119,7337,8456
9948,8556,18504
5413,8465,13878
245,9115,9360
2989,3407,6396
9065,6430,15495
2340,1799,4139
1939,7588,9527
3011,6096,9107
9002,9323,18325
7644,594,8238
904,2951,3855
6667,5888,12555
7147,8733,15880
5788,1794,7582
3965,6768,10733
8610,651,9261
6542,592,7134
7972,5817,13789
7814,8,7822
871,3331,4202
1301,4977,6278
6808,1834,8642
9614,932,10546
1399,1544,2943
1375,6814,8189
5242,1917,7159
6777,224,7001
8871,7773,16644
166,4709,4875
5796,2495,8291
5421,5080,10501
6327,6437,12764
5639,1014,6653
419,8444,8863
6892,1745,8637
5878,3099,8977
5333,7339,12672
1341,8726,10067
6223,6740,12963
7737,6233,13970
694,5451,6145
7994,5256,13250
3131,1400,4531
2960,6598,9558
9524,8339,17863
9106,1221,10327
6097,7490,13587
7223,9037,16260
5980,5518,11498
7578,9460,17038
9025,1709,10734
1835,5830,7665
3543,4446,7989
1356,3026,4382
7052,6314,13366
3855,1161,5016
5629,9070,14699
5425,1744,7169
5484,3851,9335
1033,9388,10421
3676,6760,10436
7751,320,8071
9958,3884,13842
4991,2937,7928
1512,4104,5616
7294,182,7476
7515,4470,11985
241,9247,9488
4976,4820,9796
2771,6636,9407
4088,5043,9131
2751,2529,5280
6654,4132,10786
4051,525,4576
3072,5488,8560
4504,1154,5658
5793,2192,7985
4795,1992,6787
3271,1248,4519
1322,7768,9090
850,1616,2466
859,3227,4086
8254,4657,12911
2594,1608,4202
9332,2613,11945
743,353,1096
6102,4204,10306
6369,7967,14336
1529,6239,7768
8441,9062,17503
2016,5669,7685
9914,600,10514
6299,7918,14217
6182,4429,10611
3286,5361,8647
7886,7094,14980
6701,6080,12781
5940,9731,15671
1739,6968,8707
938,1890,2828
450,4287,4737
351,5014,5365
1225,8270,9495
1785,3005,4790
2076,2670,4746
4527,8029,12556
9249,8625,17874
9929,7722,17651
8938,9211,18149
2653,9332,11985
2531,7966,10497
7287,5892,13179
4812,6350,11162
2033,9012,11045
8831,4442,13273
9799,7924,17723
86,5260,5346
1709,6154,7863
2460,7679,10139
9655,7600,17255
8256,734,8990
5969,9654,15623
2768,3827,6595
6919,7219,14138
8540,4854,13394
9527,1039,10566
7277,1749,9026
6906,4781,11687
5846,2922,8768
2022,7127,9149
8654,3665,12319
9804,4868,14672
3293,1784,5077
875,7023,7898
7286,8204,15490
8445,803,9248
7736,8038,15774
2692,1405,4097
8893,6062,14955
3396,5051,8447
5408,1744,7152
5795,2526,8321
4721,1465,6186
1676,1646,3322
9606,8410,18016
2195,9031,11226
2851,9308,12159
3982,4829,8811
9788,5829,15617
585,6390,6975
8440,7193,15633
9256,2509,11765
9236,8441,17677
4664,7286,11950
2869,4008,6877
598,2760,3358
9370,1113,10483
9745,4592,14337
8769,9741,18510
757,879,1636
6898,6003,12901
4409,2888,7297
6491,3963,10454
954,8620,9574
5147,5599,10746
5405,2021,7426
2271,9764,12035
5952,6706,12658
6913,114,7027
4493,624,5117
1493,1386,2879
625,739,1364
2844,3636,6480
713,2662,3375
6348,4987,11335
6228,1443,7671
2536,2737,5273
8799,2699,11498
2644,8620,11264
799,8152,8951
2239,6465,8704
2269,6240,8509
6866,6440,13306
5001,6962,11963
2658,894,3552
3256,176,3432
7413,8170,15583
5236,3423,8659
1316,1648,2964
1757,14,1771
9367,2569,11936
9846,12,9858
3466,6865,10331
7358,7272,14630
330,9687,10017
8028,8427,16455
5375,5880,11255
7069,49,7118
8107,6986,15093
9757,4856,14613
4124,6732,10856
6006,4894,10900
6316,4294,10610
5499,1130,6629
346,8465,8811
9992,2076,12068
4834,9424,14258
4497,8588,13085
8884,9504,18388
7942,3707,11649
4120,7077,11197
3222,1415,4637
2196,152,2348
3039,5738,8777
1284,8791,10075
7698,1820,9518
5332,3307,8639
5354,2240,7594
486,4681,5167
6331,6771,13102
3471,561,4032
5347,4788,10135
5372,8619,13991
3497,6643,10140
908,6735,7643
3340,351,3691
8679,6909,15588
8259,204,8463
2260,4644,6904
6341,5377,11718
5391,3274,8665
6115,4495,10610
9112,1535,10647
8075,1590,9665
538,2684,3222
9206,8842,18048
4828,1507,6335
149,7649,7798
9600,460,10060
5611,3439,9050
287,8910,9197
9344,7278,16622
2836,2524,5360
5368,8552,13920
4060,4840,8900
7370,4446,11816
2990,4330,7320
6213,9265,15478
8881,3324,12205
8050,8706,16756
4587,4028,8615
2808,2058,4866
8385,811,9196
7250,1425,8675
5682,2457,8139
8885,4882,13767
1262,3254,4516
5362,6166,11528
1694,1266,2960
3399,5751,9150
8271,734,9005
3900,8851,12751
6055,5561,11616
9101,3272,12373
1422,1433,2855
8993,4075,13068
5397,2182,7579
3510,8614,12124
6726,8355,15081
2690,4521,7211
4401,3072,7473
6680,9612,16292
1556,8697,10253
3760,9392,13152
3667,4937,8604
1407,1153,2560
8896,906,9802
3738,377,4115
8915,151,9066
3188,5587,8775
4448,6351,10799
3162,5786,8948
358,5793,6151
4936,1304,6240
9949,2752,12701
8313,960,9273
6158,6165,12323
8004,2878,10882
1139,186,1325
1840,7633,9473
2945,9737,12682
5233,4643,9876
3704,5624,9328
3124,8905,12029
9138,7280,16418
4356,565,4921
650,4485,5135
7971,9320,17291
21,9849,9870
4915,3400,8315
6045,5808,11853
2551,2942,5493
8469,3612,12081
3023,5423,8446
9779,9221,19000
1189,9970,11159
6599,8074,14673
9457,3803,13260
1388,6411,7799
9638,7232,16870
8548,8296,16844
3942,9248,13190
6145,6299,12444
5239,7934,13173
4734,914,5648
8418,3134,11552
3509,7196,10705
6949,1812,8761
8932,4275,13207
6476,830,7306
5441,1973,7414
2987,9490,12477
2120,32,2152
1760,6174,7934
7614,6695,14309
9946,3348,13294
2429,6429,8858
3796,6973,10769
502,8094,8596
2383,8869,11252
1310,3073,4383
1079,1535,2614
7329,7041,14370
8294,4246,12540
7929,5745,13674
4854,5101,9955
1714,9752,11466
9271,1709,10980
8822,6393,15215
2628,4609,7237
3705,7871,11576
3489,351,3840
3965,4967,8932
7083,1557,8640
1946,2652,4598
6732,6905,13637
7433,2649,10082
9514,8169,17683
94,1123,1217
7168,4305,11473
650,2716,3366
4799,6939,11738
1187,7888,9075
8723,8738,17461
4217,3062,7279
1146,412,1558
4363,5817,10180
9280,6276,15556
924,9563,10487
1048,1522,2570
4913,5514,10427
6941,7127,14068
3401,2863,6264
4617,7691,12308
4965,5605,10570
3446,318,3764
5643,3108,8751
6705,4729,11434
929,3089,4018
4595,8791,13386
9728,7862,17590
1871,1960,3831
8999,1175,10174
3764,9100,12864
8330,2160,10490
579,3049,3628
4453,9443,13896
3189,7342,10531
9637,5993,15630
8215,9422,17637
7805,5042,12847
2067,8927,10994
3650,4612,8262
29,678,707
8274,3646,11920
4980,5754,10734
228,9204,9432
2605,2,2607
9360,5615,14975
3276,5713,8989
3357,184,3541
8049,1977,10026
9533,25,9558
7288,4487,11775
9611,1295,10906
1920,6121,8041
3235,6325,9560
4472,695,5167
2129,2669,4798
518,7548,8066
937,8678,9615
7206,7992,15198
6205,466,6671
60,8081,8141
8207,6119,14326
10000,3619,13619
5327,340,5667
8126,6211,14337
5641,6631,12272
7322,7012,14334
5738,4895,10633
7559,9046,16605
3287,2313,5600
4154,336,4490
4581,8204,12785
9663,3971,13634
5667,2159,7826
2171,1701,3872
9245,1941,11186
2942,2426,5368
1655,1312,2967
590,518,1108
7488,6485,13973
1418,9249,10667
4906,3717,8623
324,2431,2755
3510,8224,11734
1409,2912,4321
636,8893,9529
997,8508,9505
8101,4028,12129
5490,346,5836
8861,459,9320
3090,8832,11922
2338,1603,3941
9610,5001,14611
2374,2053,4427
5008,34,5042
8095,8683,16778
2309,8092,10401
3892,263,4155
8924,4271,13195
7542,4433,11975
3910,2925,6835
2654,163,2817
6594,1032,7626
5697,6489,12186
1895,2513,4408
1164,3157,4321
1857,746,2603
7549,1292,8841
6521,932,7453
9525,1901,11426
6509,3900,10409
5292,7079,12371
5081,3260,8341
5510,7189,12699
2687,1544,4231
5900,329,6229
6273,212,6485
4082,1048,5130
4804,7886,12690
5697,7082,12779
4134,87,4221
4735,3266,8001
6931,5495,12426
5386,1409,6795
9729,418,10147
1106,7060,8166
1220,143,1363
7808,9526,17334
4838,1002,5840
4627,8078,12705
382,9634,10016
7112,8326,15438
294,2170,2464
6537,4935,11472
2133,1862,3995
210,532,742
7827,5671,13498
4851,4717,9568
6638,7886,14524
610,358,968
1349,3277,4626
4171,2911,7082
4320,8001,12321
3453,431,3884
5097,7473,12570
4655,2905,7560
4768,2113,6881
7999,1740,9739
8878,3952,12830
6873,9113,15986
1437,1909,3346
1414,1109,2523
8842,8449,17291
4448,5363,9811
1105,8394,9499
281,1596,1877
7135,9320,16455
8261,9245,17506
4698,3964,8662
9625,148,9773
2708,2032,4740
2578,8548,11126
5837,6859,12696
5454,8368,13822
4202,365,4567
4339,7651,11990
2332,5321,7653
1768,2455,4223
7808,2164,9972
5886,3859,9745
1737,5157,6894
625,4114,4739
5246,9050,14296
352,8522,8874
4280,6170,10450
3656,8135,11791
7055,4342,11397
7467,3923,11390
3902,9348,13250
1721,5151,6872
967,5304,6271
8063,3000,11063
2707,3064,5771
5116,1088,6204
2974,7639,10613
6150,1770,7920
3350,7742,11092
8511,4111,12622
3446,968,4414
7784,2484,10268
1189,9710,10899
5215,2745,7960
5073,8221,13294
6318,31,6349
6052,6655,12707
5074,2213,7287
4994,2020,7014
9647,2591,12238
2991,12,3003
9082,3408,12490
1934,4361,6295
3554,5044,8598
1332,3945,5277
4311,4388,8699
8141,8013,16154
84,6643,6727
5715,2179,7894
8322,6288,14610
9422,9765,19187
4160,6449,10609
3080,5228,8308
5301,1686,6987
9331,9338,18669
9331,8429,17760
5520,3250,8770
549,6288,6837
6205,7038,13243
9803,3992,13795
8622,1320,9942
1275,9920,11195
4980,4658,9638
7499,4734,12233
3472,9288,12760
568,1490,2058
7206,9862,17068
2945,4236,7181
7281,595,7876
7977,4213,12190
7944,152,8096
894,7507,8401
3533,2856,6389
6734,5230,11964
7159,2826,9985
6004,528,6532
4277,3249,7526
977,6796,7773
9888,470,10358
6731,987,7718
5675,6688,12363
5301,6283,11584
3532,1472,5004
8931,3387,12318
935,8165,9100
3923,4411,8334
4318,3256,7574
5879,2731,8610
5226,9505,14731
586,6888,7474
3265,8956,12221
3624,3745,7369
2314,8417,10731
4627,3618,8245
8175,9176,17351
8959,6127,15086
8291,83,8374
2714,2431,5145
1481,4002,5483
3679,3171,6850
9801,7324,17125
829,9384,10213
9054,1798,10852
3999,5911,9910
7041,1021,8062
7973,9456,17429
5849,8582,14431
752,3625,4377
3741,5328,9069
8095,2605,10700
8885,5406,14291
3461,8451,11912
8128,2907,11035
635,5961,6596
4323,3252,7575
7853,4225,12078
5023,6679,11702
8751,1853,10604
3403,4018,7421
6113,4102,10215
3787,1301,5088
5374,883,6257
2442,1729,4171
4827,4987,9814
935,9332,10267
7324,347,7671
4067,3888,7955
5484,9869,15353
6598,8104,14702
4727,7954,12681
9941,8185,18126
2527,7542,10069
410,463,873
2420,7454,9874
9003,8068,17071
8355,4327,12682
5345,9039,14384
777,210,987
94,1759,1853
7949,9291,17240
7380,9675,17055
5015,818,5833
6165,7800,13965
1604,9228,10832
7841,6704,14545
5886,8075,13961
2285,5567,7852
7823,4691,12514
5187,3526,8713
1406,573,1979
5268,2425,7693
3383,7319,10702
4797,5861,10658
4697,6959,11656
7887,6218,14105
9028,9342,18370
5706,6765,12471
2177,8457,10634
669,3545,4214
8721,3905,12626
6152,8100,14252
8679,7650,16329
4253,6403,10656
151,8741,8892
5385,7719,13104
2312,1834,4146
804,9980,10784
4314,2090,6404
6392,9819,16211
9486,1397,10883
4418,8017,12435
8595,3963,12558
4859,9437,14296
6441,3363,9804
7634,6216,13850
5806,817,6623
3309,2846,6155
6410,3807,10217
5552,2994,8546
7727,9322,17049
8702,7851,16553
9403,9548,18951
9119,4826,13945
7495,2492,9987
4230,4136,8366
6578,998,7576
6994,9259,16253
7197,5980,13177
7874,3375,11249
3570,5546,9116
8737,5405,14142
7561,3967,11528
2417,6818,9235
9969,1285,11254
783,741,1524
1759,5473,7232
650,6696,7346
3952,5492,9444
1348,4695,6043
9732,2492,12224
1666,7716,9382
5931,6515,12446
6351,5799,12150
928,5384,6312
4347,3332,7679
1346,2123,3469
7188,168,7356
2781,2335,5116
5357,2072,7429
4101,7273,11374
800,8532,9332
511,6316,6827
6562,2492,9054
9026,6057,15083
2962,8054,11016
292,159,451
795,8827,9622
3671,146,3817
4217,8341,12558
8918,2826,11744
6084,6592,12676
1927,7746,9673
3160,6728,9888
8139,1304,9443
7628,7114,14742
8065,6222,14287
8095,3528,11623
7026,2023,9049
2909,9636,12545
7398,4429,11827
6288,2729,9017
7765,5176,12941
3606,6440,10046
4982,6590,11572
9255,6602,15857
5894,4791,10685
9956,8974,18930
6919,373,7292
3712,5517,9229
2714,8766,11480
6197,4495,10692
4349,854,5203
5290,6643,11933
7540,9307,16847
195,4925,5120
3677,4261,7938
609,3591,4200
4129,6105,10234
7679,2120,9799
1696,7001,8697
8948,3615,12563
6948,9531,16479
8302,8584,16886
8274,6403,14677
1640,8158,9798
7801,6805,14606
3756,9788,13544
5599,9924,15523
7746,9955,17701
9800,9807,19607
5381,9190,14571
8437,4914,13351
8938,9691,18629
356,7412,7768
312,9187,9499
4417,6609,11026
7841,3366,11207
2657,8394,11051
7092,8250,15342
2429,677,3106
2354,4601,6955
1171,1205,2376
9489,2229,11718
685,7660,8345
5420,4675,10095
6411,6210,12621
8472,4677,13149
4359,5790,10149
4408,348,4756
6758,5790,12548
3865,4419,8284
6128,9734,15862
3762,7643,11405
2132,6741,8873
7729,1142,8871
5426,387,5813
9375,8424,17799
2944,329,3273
4428,7807,12235
8274,1141,9415
7996,6927,14923
1856,3324,5180
7420,769,8189
7704,3775,11479
2387,8095,10482
5341,3131,8472
3818,123,3941
200,8232,8432
60,4153,4213
7819,8231,16050
6931,7417,14348
8570,3124,11694
8980,247,9227
3116,6744,9860
4018,5514,9532
193,654,847
4424,1473,5897
350,577,927
8365,5716,14081
6135,430,6565
3848,7905,11753
3876,9802,13678
2382,8388,10770
9821,2941,12762
3585,4243,7828
2083,1223,3306
8733,2548,11281
6019,5299,11318
6612,6762,13374
1839,5280,7119
6170,4131,10301
4499,4109,8608
166,3908,4074
5618,477,6095
7143,6477,13620
2775,9225,12000
4927,763,5690
2046,8377,10423
1842,4264,6106
3732,463,4195
4537,3470,8007
483,7643,8126
3359,2498,5857
5719,4898,10617
5927,2654,8581
6211,624,6835
5531,9719,15250
2019,8661,10680
9525,4232,13757
701,5720,6421
442,3926,4368
5480,5818,11298
4071,1103,5174
3175,6573,9748
2357,4345,6702
622,8753,9375
4457,8544,13001
5094,4250,9344
692,4255,4947
6442,7547,13989
6864,3671,10535
8728,8562,17290
2916,5062,7978
2847,3153,6000
1998,8681,10679
4124,1642,5766
9789,7233,17022
8769,9768,18537
2815,7358,10173
7904,3124,11028
418,5478,5896
4519,346,4865
9129,8376,17505
8204,7372,15576
5664,9108,14772
2732,5214,7946
288,3656,3944
6895,8633,15528
3635,8738,12373
6197,1763,7960
2968,3104,6072
4639,6104,10743
2321,4915,7236
9622,732,10354
9455,5081,14536
2412,2668,5080
2347,9539,11886
4178,6059,10237
4383,5569,9952
143,1624,1767
7299,9957,17256
2155,4378,6533
1557,8804,10361
2807,4728,7535
9183,8965,18148
1728,6879,8607
1430,2426,3856
8271,3407,11678
7866,716,8582
6203,3521,9724
5834,1803,7637
2582,5416,7998
7800,6952,14752
7285,4685,11970
4804,2341,7145
2177,9617,11794
2461,181,2642
7191,6649,13840
2716,3537,6253
6288,4591,10879
785,4818,5603
6210,1382,7592
6167,7967,14134
9595,9394,18989
5148,7021,12169
8389,688,9077
4038,5118,9156
9212,8504,17716
7061,3165,10226
6687,8109,14796
5033,1768,6801
3438,302,3740
8423,1090,9513
6758,9919,16677
5510,3171,8681
5961,2265,8226
7401,5839,13240
8196,9422,17618
7428,880,8308
7661,8944,16605
9677,1576,11253
4281,8442,12723
6332,7504,13836
9747,6747,16494
3840,5796,9636
7457,8562,16019
1484,67,1551
2756,7335,10091
9831,6023,15854
5316,1326,6642
2096,5516,7612
7719,6593,14312
9042,6361,15403
8273,6448,14721
8438,6405,14843
5595,9379,14974
7234,2882,10116
1640,6063,7703
342,5231,5573
6486,9094,15580
191,7420,7611
3483,1586,5069
5855,6814,12669
4539,9976,14515
8158,2681,10839
7553,4349,11902
6652,5890,12542
9161,6553,15714
7754,9991,17745
4480,5843,10323
1906,6176,8082
9555,7716,17271
9742,6905,16647
418,737,1155
1189,9214,10403
4531,6500,11031
9361,9684,19045
7553,3479,11032
5517,2209,7726
7520,6246,13766
6707,4554,11261
3857,5293,9150
1324,8428,9752
552,5004,5556
8100,9659,17759
8180,3941,12121
5147,898,6045
3834,1014,4848
9555,5526,15081
2783,8868,11651
5644,5883,11527
8745,6485,15230
8748,5022,13770
6540,7778,14318
6937,4703,11640
6766,6470,13236
7732,7547,15279
6362,8240,14602
8042,7467,15509
7837,5971,13808
3339,69,3408
1465,1427,2892
102,4427,4529
4698,2079,6777
1779,8212,9991
8914,653,9567
2911,7456,10367
1145,5933,7078
8336,298,8634
5259,2218,7477
610,5906,6516
2491,2959,5450
4220,8945,13165
4331,5587,9918
4258,9389,13647
9098,3908,13006
7899,4760,12659
3595,6213,9808
5118,5269,10387
388,7493,7881
4789,2801,7590
7205,5133,12338
602,5052,5654
3060,8371,11431
6974,9397,16371
2831,2381,5212
2714,6624,9338
4345,1151,5496
9825,5148,14973
2101,4768,6869
8930,6318,15248
1390,1788,3178
1163,9314,10477
6209,8041,14250
2874,4223,7097
4767,796,5563
6471,5270,11741
2503,3712,6215
3867,7219,11086
5812,8738,14550
6202,4728,10930
7297,3982,11279
493,2049,2542
5379,1964,7343
513,5113,5626
7189,2572,9761
2651,8352,11003
3794,4958,8752
9944,8909,18853
8209,8503,16712
4629,1438,6067
8463,3778,12241
6588,4639,11227
3183,3759,6942
4830,2925,7755
8422,268,8690
1576,5593,7169
9430,6102,15532
4482,6060,10542
6666,4816,11482
2746,8867,11613
4248,2018,6266
3561,3734,7295
2490,4538,7028
3570,3451,7021
2033,9291,11324
3642,3365,7007
6424,4951,11375
686,6678,7364
2748,7414,10162
7518,8165,15683
2002,9758,11760
7588,8689,16277
2621,3918,6539
4821,5826,10647
5117,3138,8255
1641,459,2100
4564,5564,10128
4506,8540,13046
2668,3974,6642
2239,7789,10028
6077,5743,11820
1438,718,2156
4348,1442,5790
7052,3344,10396
2083,866,2949
8120,7337,15457
1896,9820,11716
2306,1527,3833
5712,3018,8730
3009,1963,4972
133,8701,8834
8389,7466,15855
1571,77,1648
2742,3787,6529
4922,4319,9241
6890,5035,11925
9173,5604,14777
4499,7886,12385
896,431,1327
6602,2350,8952
2521,2691,5212
9057,7080,16137
8805,2989,11794
4397,2180,6577
1527,4091,5618
1351,5015,6366
1065,83,1148
1847,3129,4976
141,8261,8402
964,8962,9926
3866,4385,8251
1385,1931,3316
5558,9131,14689
6740,4039,10779
4530,1274,5804
2035,1023,3058
2453,7348,9801
796,2506,3302
3747,6945,10692
5326,9598,14924
1663,1955,3618
915,4645,5560
7940,987,8927
6570,2351,8921
8703,4200,12903
8900,4222,13122
1232,9384,10616
5840,7147,12987
2827,7866,10693
897,7103,8000
3753,2974,6727
5396,1163,6559
8328,1682,10010
7335,7685,15020
4481,6649,11130
3717,4410,8127
7605,9270,16875
2631,5217,7848
591,425,1016
8454,2347,10801
4532,58,4590
5284,6246,11530
7948,4691,12639
8994,5138,14132
818,63,881
8070,5216,13286
3731,4411,8142
3680,7205,10885
6957,3950,10907
8502,2321,10823
6561,9058,15619
1000,858,1858
7929,7161,15090
3750,6125,9875
1920,4687,6607
5065,8882,13947
4181,1672,5853
5789,2122,7911
8383,6292,14675
1114,5713,6827
1666,6907,8573
5521,7033,12554
5997,2477,8474
4551,9019,13570
169,7786,7955
4755,6140,10895
3498,5693,9191
1962,6068,8030
1493,8144,9637
7037,914,7951
7131,2108,9239
6963,5285,12248
969,6194,7163
7893,9616,17509
4569,8342,12911
873,7780,8653
3048,2630,5678
2357,22,2379
9708,5852,15560
1454,254,1708
9179,634,9813
8013,3542,11555
4690,136,4826
8186,7801,15987
761,5060,5821
499,8031,8530
728,1678,2406
4135,3771,7906
916,2609,3525
4200,780,4980
3984,3459,7443
9377,7182,16559
6411,9750,16161
9975,5647,15622
1361,5758,7119
517,4575,5092
4252,6418,10670
9357,7009,16366
6388,2116,8504
8277,7319,15596
8857,2243,11100
8853,8031,16884
1197,295,1492
5014,2105,7119
8691,8392,17083
9485,7842,17327
2405,2477,4882
6965,257,7222
5891,9941,15832
7190,1428,8618
3078,9588,12666
2838,515,3353
6195,8312,14507
2609,6501,9110
2680,8701,11381
8074,7811,15885
2640,1558,4198
5166,2801,7967
8426,8935,17361
5771,607,6378
5983,6517,12500
1959,470,2429
4825,6386,11211
7505,147,7652
1060,5736,6796
4570,3859,8429
8077,6605,14682
2805,3327,6132
1457,9108,10565
4952,5768,10720
4181,4323,8504
8226,7492,15718
5602,71,5673
9171,8741,17912
3841,733,4574
3343,6504,9847
4428,6393,10821
7581,4994,12575
3026,7245,10271
5100,685,5785
9362,6504,15866
6961,1651,8612
2925,292,3217
4142,9615,13757
8642,4539,13181
2354,4554,6908
5196,5076,10272
2734,1971,4705
1145,1753,2898
8623,8904,17527
5042,7082,12124
8049,3619,11668
2085,4607,6692
8466,1589,10055
5942,4889,10831
2222,4619,6841
5026,3400,8426
7480,5209,12689
8627,7104,15731
8061,3002,11063
1783,7657,9440
67,3232,3299
380,1815,2195
6127,8285,14412
3578,3124,6702
459,7752,8211
3529,7734,11263
8206,2276,10482
8516,8461,16977
9761,826,10587
5845,798,6643
1287,8606,9893
6168,8251,14419
4717,2634,7351
5048,4135,9183
667,9748,10415
1103,5375,6478
1051,3049,4100
5560,5828,11388
4656,6363,11019
7597,6560,14157
7446,119,7565
7060,249,7309
5736,1766,7502
3202,1923,5125
5904,4321,10225
5740,9769,15509
993,6996,7989
8800,8832,17632
8349,1484,9833
7668,1589,9257
3852,3318,7170
7531,4189,11720
215,8481,8696
1380,445,1825
1917,6085,8002
2996,4097,7093
2709,5818,8527
8771,9056,17827
8273,7965,16238
6765,241,7006
9445,4237,13682
1312,2264,3576
3122,11,3133
8748,1258,10006
2027,8981,11008
3600,8638,12238
6438,1131,7569
6865,4716,11581
429,3555,3984
5257,5824,11081
4857,9200,14057
1702,2595,4297
5659,1065,6724
1155,4755,5910
4508,5385,9893
2091,3436,5527
3665,2800,6465
348,5750,6098
1949,5648,7597
3859,1438,5297
8712,2798,11510
9054,8391,17445
3372,3415,6787
470,3451,3921
6571,8758,15329
3453,5007,8460
9,273,282
956,4921,5877
3587,4667,8254
3970,7536,11506
2210,9545,11755
6298,7656,13954
6794,4520,11314
2553,6254,8807
1678,6331,8009
8404,882,9286
1324,1502,2826
2612,9552,12164
6684,3834,10518
3973,567,4540
653,2429,3082
5861,9383,15244
7385,4939,12324
456,5328,5784
9450,2180,11630
2517,35,2552
3492,8398,11890
2459,620,3079
270,6086,6356
9674,7001,16675
5688,5456,11144
8093,5626,13719
8989,1328,10317
671,2732,3403
9286,4088,13374
4200,3616,7816
4721,1623,6344
7686,3351,11037
4222,1200,5422
8481,4557,13038
5503,8350,13853
433,147,580
9962,1185,11147
6800,5105,11905
8909,2991,11900
5308,9781,15089
5780,9367,15147
2374,4852,7226
4767,5115,9882
898,5962,6860
2174,9934,12108
118,2077,2195
4071,7953,12024
4985,2223,7208
3295,7704,10999
745,8850,9595
6719,3727,10446
8813,5419,14232
4608,2596,7204
1787,9109,10896
9089,6433,15522
6464,7763,14227
435,5434,5869
107,5276,5383
9157,5696,14853
2041,8084,10125
7884,3544,11428
5941,9540,15481
6376,2969,9345
82,8899,8981
2838,2066,4904
8494,4133,12627
7396,6704,14100
6847,7204,14051
7590,6737,14327
2646,6303,8949
8546,1330,9876
5566,9819,15385
5194,4523,9717
9163,5548,14711
5371,4616,9987
7278,2597,9875
4311,5043,9354
3768,4210,7978
2064,8687,10751
2728,2770,5498
8401,6718,15119
500,3669,4169
408,8106,8514
2613,9072,11685
4703,9583,14286
6825,4933,11758
9641,8176,17817
7924,6135,14059
3339,7333,10672
3579,4431,8010
3519,4967,8486
1504,3943,5447
9087,6657,15744
3744,4517,8261
1081,7233,8314
3280,8566,11846
1247,3633,4880
6359,169,6528
3062,2832,5894
4900,4784,9684
300,4919,5219
1319,5375,6694
8850,9707,18557
2022,4252,6274
8678,7702,16380
8862,6323,15185
7192,3080,10272
9567,2151,11718
6461,346,6807
1898,2628,4526
5949,8207,14156
4671,6089,10760
5318,2060,7378
7145,3517,10662
3042,8362,11404
4549,9424,13973
1862,6733,8595
7838,46,7884
3817,3086,6903
4420,28,4448
9591,3050,12641
8863,9490,18353
412,636,1048
4069,2482,6551
9592,3564,13156
7140,2004,9144
8201,9304,17505
1300,5542,6842
7936,1536,9472
6464,2523,8987
6551,994,7545
8646,4402,13048
5543,772,6315
9812,3585,13397
1339,3187,4526
7849,3656,11505
2040,8982,11022
5811,2398,8209
8193,4583,12776
374,3872,4246
4534,1007,5541
9246,6874,16120
6850,879,7729
4922,8691,13613
2444,4374,6818
8832,2422,11254
6677,6859,13536
2903,4978,7881
8957,5407,14364
6948,3007,9955
1388,3779,5167
5811,5916,11727
2792,8197,10989
2467,5866,8333
6677,5172,11849
5912,6021,11933
1717,4860,6577
4706,4881,9587
5414,4658,10072
8642,5719,14361
862,7988,8850
2788,6462,9250
5189,6709,11898
6931,1418,8349
2838,192,3030
8579,6661,15240
6142,136,6278
2390,9526,11916
7569,8059,15628
5499,7009,12508
4340,4053,8393
4398,6975,11373
2396,3271,5667
5741,8974,14715
9396,4915,14311
7757,3215,10972
8503,769,9272
2493,4916,7409
6490,6149,12639
8934,4494,13428
7364,5025,12389
2052,5349,7401
3522,7940,11462
6777,6888,13665
6873,5302,12175
3758,8515,12273
2958,6398,9356
5234,5885,11119
7504,2828,10332
2957,7439,10396
3585,6068,9653
2760,1315,4075
7380,9117,16497
5298,2582,7880
6832,6430,13262
6185,151,6336
5091,1756,6847
8662,8257,16919
2316,1492,3808
1588,2681,4269
1709,9970,11679
6625,7787,14412
2281,2652,4933
4068,2180,6248
3605,3774,7379
4611,4491,9102
1561,6923,8484
7124,7181,14305
515,9412,9927
4806,1830,6636
8458,2116,10574
4984,4960,9944
7914,9936,17850
6158,4274,10432
3305,7154,10459
9734,5415,15149
6470,8375,14845
4504,3534,8038
8441,4761,13202
3503,8735,12238
6411,2714,9125
2340,1742,4082
2108,5165,7273
7075,7345,14420
8227,5672,13899
2000,8837,10837
9141,6275,15416
8343,6145,14488
3748,3926,7674
9954,2417,12371
8183,9205,17388
9136,5955,15091
475,605,1080
3854,5440,9294
2240,6670,8910
1818,4079,5897
4315,5255,9570
5576,1369,6945
5446,8336,13782
440,3236,3676
9096,9945,19041
3755,5803,9558
3720,8183,11903
6099,8029,14128
9408,2642,12050
9563,4810,14373
687,5814,6501
7779,9509,17288
5406,6918,12324
5135,2315,7450
2498,8636,11134
9663,1484,11147
1967,3387,5354
87,2588,2675
7360,2408,9768
8253,8290,16543
8330,1458,9788
8725,9803,18528
2686,1808,4494
2360,9782,12142
8489,2238,10727
9429,8947,18376
7650,6783,14433
5511,5630,11141
2713,2180,4893
572,7954,8526
4589,4871,9460
3490,230,3720
7907,6248,14155
8707,1512,10219
5521,5164,10685
9899,4355,14254
8214,7418,15632
959,4483,5442
2918,6449,9367
3123,8132,11255
7348,8706,16054
6451,6847,13298
9828,8803,18631
8311,7508,15819
4772,8333,13105
3696,852,4548
2286,1210,3496
8727,3893,12620
717,3380,4097
1708,4089,5797
276,2392,2668
1468,7502,8970
9207,4255,13462
6533,5799,12332
9874,2321,12195
1831,7597,9428
457,8270,8727
7472,4773,12245
5872,2515,8387
3154,1535,4689
68,5067,5135
2404,6085,8489
5086,2114,7200
3920,284,4204
4591,5836,10427
483,776,1259
2763,5435,8198
5811,163,5974
6525,23,6548
1052,1819,2871
8413,9026,17439
2686,2921,5607
3437,4617,8054
5,7995,8000
101,9417,9518
742,9379,10121
4001,3348,7349
8463,725,9188
2134,6065,8199
1066,8484,9550
7375,9243,16618
3849,8942,12791
3270,2589,5859
4839,811,5650
6054,9009,15063
6101,3756,9857
3292,5913,9205
7114,710,7824
6018,1779,7797
9402,5478,14880
1818,6903,8721
3850,7116,10966
354,5787,6141
8631,2609,11240
645,6559,7204
1616,4040,5656
9651,2761,12412
9356,6651,16007
9934,5448,15382
9724,6387,16111
5423,9998,15421
6400,5584,11984
9748,8880,18628
7463,6507,13970
4541,1921,6462
8812,1470,10282
5968,2408,8376
294,6891,7185
4821,1826,6647
816,6434,7250
1911,1650,3561
8211,5879,14090
6772,7107,13879
1027,6312,7339
8467,3745,12212
1478,2655,4133
6278,3705,9983
9736,4334,14070
946,6074,7020
6379,6524,12903
4370,8543,12913
7713,7551,15264
5333,6687,12020
5173,5572,10745
8484,8598,17082
4821,2092,6913
9022,2157,11179
7562,603,8165
6457,1988,8445
8681,681,9362
2381,4126,6507
5296,3378,8674
830,5672,6502
9380,7241,16621
6185,4147,10332
5356,8534,13890
4690,654,5344
2649,3820,6469
8847,7244,16091
6385,3304,9689
8497,4669,13166
6170,7797,13967
7282,2425,9707
7337,2602,9939
6867,4189,11056
6596,1910,8506
3696,9663,13359
1534,6782,8316
3936,3415,7351
9730,5655,15385
6369,2107,8476
2245,4994,7239
3760,1240,5000
1153,6813,7966
5585,2941,8526
6192,22,6214
8608,7108,15716
3344,5601,8945
9496,9730,19226
455,2180,2635
412,9341,9753
8101,5773,13874
9779,828,10607
1638,2141,3779
3572,8240,11812
6414,6543,12957
7052,7451,14503
2538,745,3283
1199,585,1784
6505,8316,14821
287,1798,2085
1657,8067,9724
1897,7969,9866
9262,3857,13119
3228,5865,9093
916,5362,6278
1612,1970,3582
9976,2946,12922
9757,8093,17850
4620,4978,9598
622,7003,7625
4969,1726,6695
2999,802,3801
8201,2043,10244
8137,1831,9968
7824,3684,11508
2044,822,2866
7414,9114,16528
1169,1620,2789
3339,625,3964
7709,867,8576
348,4563,4911
8160,7788,15948
3103,1984,5087
7217,5267,12484
